irradiance.dat - Based on 'irradiance' tab in CREST Domestic Electricity Demand Model 1.0d by Ian Richardson http://homepages.lboro.ac.uk/~eliwr/
Columns tab delimited - Data starts on line 26 of file.

Example irradiance data is provided from the CREST irradiance database for Loughborough.
The data is filtered to a one minute exponential moving average (with weighting factor 0.1).

Note. Column C (Selected irradiance profile) of original spreadsheet tab has been removed as uneeded.


Col 0 - Minute of day
Col 1 - Time reference
Col 2 - Sample irradiance profile [W/m^2] - January
Col 3 - Sample irradiance profile [W/m^2] - February
Col 4 - Sample irradiance profile [W/m^2] - March
Col 5 - Sample irradiance profile [W/m^2] - April
Col 6 - Sample irradiance profile [W/m^2] - May
Col 7 - Sample irradiance profile [W/m^2] - June
Col 8 - Sample irradiance profile [W/m^2] - July
Col 9 - Sample irradiance profile [W/m^2] - August
Col 10 - Sample irradiance profile [W/m^2] - September
Col 11 - Sample irradiance profile [W/m^2] - October
Col 12 - Sample irradiance profile [W/m^2] - November
Col 13 - Sample irradiance profile [W/m^2] - December


1	00:00:00	2	0	0	0	4	2	3	0	0	0	0	0
2	00:01:00	2	0	0	0	4	2	3	0	0	0	0	0
3	00:02:00	2	0	0	0	3	2	3	0	0	0	0	0
4	00:03:00	2	0	0	0	3	2	3	0	0	0	0	0
5	00:04:00	2	0	0	0	3	2	3	0	0	0	0	0
6	00:05:00	2	0	0	0	3	2	3	0	0	0	0	0
7	00:06:00	2	0	0	0	3	2	3	0	0	0	0	0
8	00:07:00	2	0	0	0	3	2	3	0	0	0	0	0
9	00:08:00	2	0	0	0	3	2	2	0	0	0	0	0
10	00:09:00	2	0	0	0	3	2	3	0	0	0	0	0
11	00:10:00	2	0	0	0	3	2	2	0	0	0	0	0
12	00:11:00	2	0	0	0	3	2	2	0	0	0	0	0
13	00:12:00	2	0	0	0	3	2	2	0	0	0	0	0
14	00:13:00	2	0	0	0	3	2	3	0	0	0	0	0
15	00:14:00	2	0	0	0	3	2	2	0	0	0	0	0
16	00:15:00	2	0	0	0	3	2	2	0	0	0	0	0
17	00:16:00	2	0	0	0	3	2	2	0	0	0	0	0
18	00:17:00	3	0	0	0	3	2	2	0	0	0	0	0
19	00:18:00	3	0	0	0	3	2	2	0	0	0	0	0
20	00:19:00	3	0	0	0	3	2	2	0	0	0	0	0
21	00:20:00	3	0	0	0	3	2	2	0	0	0	0	0
22	00:21:00	3	0	0	0	3	2	2	0	0	0	0	0
23	00:22:00	3	0	0	0	3	2	2	0	0	0	0	0
24	00:23:00	3	0	0	0	3	2	2	0	0	0	0	0
25	00:24:00	3	0	0	0	3	2	2	0	0	0	0	0
26	00:25:00	3	0	0	0	3	2	2	0	0	0	0	0
27	00:26:00	3	0	0	0	3	2	2	0	0	0	0	0
28	00:27:00	3	0	0	0	3	2	2	0	0	0	0	0
29	00:28:00	3	0	0	0	3	2	2	0	0	0	0	0
30	00:29:00	3	0	0	0	3	2	2	0	0	0	0	0
31	00:30:00	3	0	0	0	3	2	2	0	0	0	0	0
32	00:31:00	3	0	0	0	3	2	2	0	0	0	0	0
33	00:32:00	3	0	0	0	3	2	2	0	0	0	0	0
34	00:33:00	3	0	0	0	3	2	2	0	0	0	0	0
35	00:34:00	3	0	0	0	3	2	3	0	0	0	0	0
36	00:35:00	3	0	0	0	3	2	3	1	0	0	0	0
37	00:36:00	3	0	0	0	3	2	3	1	0	0	0	0
38	00:37:00	3	0	0	0	3	2	3	1	0	0	0	0
39	00:38:00	3	0	0	0	3	2	3	1	0	0	0	0
40	00:39:00	3	0	0	0	3	2	3	1	0	0	0	0
41	00:40:00	3	0	0	0	3	2	3	1	0	0	0	0
42	00:41:00	3	0	0	0	3	2	3	1	0	0	0	0
43	00:42:00	3	0	0	0	3	2	3	1	0	0	0	0
44	00:43:00	3	0	0	0	3	2	3	1	0	0	0	0
45	00:44:00	3	0	0	0	3	2	3	1	0	0	0	0
46	00:45:00	3	0	0	0	3	2	2	1	0	0	0	0
47	00:46:00	3	0	0	0	3	2	3	1	0	0	0	0
48	00:47:00	3	0	0	0	3	2	2	1	0	0	0	0
49	00:48:00	4	0	0	0	3	2	2	1	0	0	0	0
50	00:49:00	4	0	0	0	3	2	3	1	0	0	0	0
51	00:50:00	4	0	0	0	3	2	2	1	0	0	0	0
52	00:51:00	4	0	0	0	3	2	3	1	0	0	0	0
53	00:52:00	3	0	0	0	3	2	2	1	0	0	0	0
54	00:53:00	3	0	0	0	3	2	2	1	0	0	0	0
55	00:54:00	3	0	0	0	3	2	2	1	0	0	0	0
56	00:55:00	3	0	0	0	3	2	2	1	0	0	0	0
57	00:56:00	3	0	0	0	3	2	2	1	0	0	0	0
58	00:57:00	3	0	0	0	3	2	2	1	0	0	0	0
59	00:58:00	3	0	0	0	3	2	2	1	0	0	0	0
60	00:59:00	3	0	0	0	3	2	2	1	0	0	0	0
61	01:00:00	3	0	0	0	3	2	2	1	0	0	0	0
62	01:01:00	3	0	0	0	3	2	2	1	0	0	0	0
63	01:02:00	3	0	0	0	3	2	2	1	0	0	0	0
64	01:03:00	3	0	0	0	3	2	2	1	0	0	0	0
65	01:04:00	3	0	0	0	3	3	2	1	0	0	0	0
66	01:05:00	3	0	0	0	3	2	2	1	0	0	0	0
67	01:06:00	3	0	0	0	3	2	2	1	0	0	0	0
68	01:07:00	3	0	0	0	3	2	2	1	0	0	0	0
69	01:08:00	3	0	0	0	3	3	2	1	0	0	0	0
70	01:09:00	3	0	0	0	3	3	2	1	0	0	0	0
71	01:10:00	3	0	0	0	3	3	2	2	0	0	0	0
72	01:11:00	3	0	0	0	3	2	2	2	0	0	0	0
73	01:12:00	3	0	0	0	3	2	2	2	0	0	0	0
74	01:13:00	3	0	0	0	3	3	2	2	0	0	0	0
75	01:14:00	3	0	0	0	3	2	2	2	0	0	0	0
76	01:15:00	3	0	0	0	3	3	2	2	0	0	0	0
77	01:16:00	3	0	0	0	3	2	2	2	0	0	0	0
78	01:17:00	3	0	0	0	3	2	2	2	0	0	0	0
79	01:18:00	4	0	0	0	3	2	2	2	0	0	0	0
80	01:19:00	4	0	0	0	3	2	2	2	0	0	0	0
81	01:20:00	4	0	0	0	3	2	2	2	0	0	0	0
82	01:21:00	4	0	0	0	3	2	2	2	0	0	0	0
83	01:22:00	4	0	0	0	4	2	2	2	0	0	0	0
84	01:23:00	4	0	0	0	3	2	2	2	0	0	0	0
85	01:24:00	4	0	0	0	4	2	2	2	0	0	0	0
86	01:25:00	4	0	0	0	4	2	2	2	0	0	0	0
87	01:26:00	4	0	0	0	4	2	2	2	0	0	0	0
88	01:27:00	4	0	0	0	4	2	2	2	0	0	0	0
89	01:28:00	4	0	0	0	4	2	2	2	0	0	0	0
90	01:29:00	4	0	0	0	4	2	2	2	0	0	0	0
91	01:30:00	4	0	0	0	4	2	2	2	0	0	0	0
92	01:31:00	4	0	0	0	4	1	2	2	0	0	0	0
93	01:32:00	4	0	0	0	4	1	2	2	0	0	0	0
94	01:33:00	4	0	0	0	4	1	2	2	0	0	0	0
95	01:34:00	4	0	0	0	4	1	2	2	0	0	0	0
96	01:35:00	4	0	0	0	4	1	2	2	0	0	0	0
97	01:36:00	4	0	0	0	4	1	2	2	0	0	0	0
98	01:37:00	4	0	0	0	3	1	2	2	0	0	0	0
99	01:38:00	4	0	0	0	3	1	2	2	0	0	0	0
100	01:39:00	3	0	0	0	3	1	2	2	0	0	0	0
101	01:40:00	3	0	0	0	3	1	2	2	0	0	0	0
102	01:41:00	3	0	0	0	3	1	2	2	0	0	0	0
103	01:42:00	3	0	0	0	3	1	2	2	0	0	0	0
104	01:43:00	3	0	0	0	3	1	2	2	0	0	0	0
105	01:44:00	2	0	0	0	4	1	2	2	0	0	0	0
106	01:45:00	2	0	0	0	4	1	2	2	0	0	0	0
107	01:46:00	2	0	0	0	4	1	2	2	0	0	0	0
108	01:47:00	2	0	0	0	3	1	2	2	0	0	0	0
109	01:48:00	2	0	0	0	3	1	2	2	0	0	0	0
110	01:49:00	2	0	0	0	4	1	2	2	0	0	0	0
111	01:50:00	1	0	0	0	4	1	2	2	0	0	0	0
112	01:51:00	1	0	0	0	4	1	2	2	0	0	0	0
113	01:52:00	1	0	0	0	3	1	2	2	0	0	0	0
114	01:53:00	1	0	0	0	3	1	2	2	0	0	0	0
115	01:54:00	1	0	0	0	3	1	2	2	0	0	0	0
116	01:55:00	1	0	0	0	3	1	2	2	0	0	0	0
117	01:56:00	1	0	0	0	3	1	2	2	0	0	0	0
118	01:57:00	1	0	0	0	3	1	2	2	0	0	0	0
119	01:58:00	1	0	0	0	3	1	2	2	0	0	0	0
120	01:59:00	1	0	0	0	3	1	2	2	0	0	0	0
121	02:00:00	1	0	0	0	3	1	2	2	0	0	0	0
122	02:01:00	1	0	0	0	3	1	2	2	0	0	0	0
123	02:02:00	0	0	0	0	3	1	2	2	0	0	0	0
124	02:03:00	0	0	0	0	3	1	2	2	0	0	0	0
125	02:04:00	0	0	0	0	3	1	2	2	0	0	0	0
126	02:05:00	0	0	0	0	3	1	2	2	0	0	0	0
127	02:06:00	0	0	0	0	3	1	2	2	0	0	0	0
128	02:07:00	0	0	0	0	3	1	2	2	0	0	0	0
129	02:08:00	0	0	0	0	3	1	2	1	0	0	0	0
130	02:09:00	0	0	0	0	3	1	2	2	0	0	0	0
131	02:10:00	0	0	0	0	3	2	2	1	0	0	0	0
132	02:11:00	0	0	0	0	3	2	2	1	0	0	0	0
133	02:12:00	0	0	0	0	3	2	2	1	0	0	0	0
134	02:13:00	0	0	0	0	3	2	2	1	0	0	0	0
135	02:14:00	0	0	0	0	3	2	2	1	0	0	0	0
136	02:15:00	0	0	0	0	3	2	2	1	0	0	0	0
137	02:16:00	0	0	0	0	3	2	2	1	0	0	0	0
138	02:17:00	0	0	0	0	3	1	2	1	0	0	0	0
139	02:18:00	0	0	0	0	3	1	2	1	0	0	0	0
140	02:19:00	0	0	0	0	3	1	2	1	0	0	0	0
141	02:20:00	0	0	0	0	3	1	2	1	0	0	0	0
142	02:21:00	0	0	0	0	3	2	2	1	0	0	0	0
143	02:22:00	0	0	0	0	3	1	2	1	0	0	0	0
144	02:23:00	0	0	0	0	3	2	2	1	0	0	0	0
145	02:24:00	0	0	0	0	3	2	2	1	0	0	0	0
146	02:25:00	0	0	0	0	3	2	2	1	0	0	0	0
147	02:26:00	0	0	0	0	2	2	2	1	0	0	0	0
148	02:27:00	0	0	0	0	2	2	2	1	0	0	0	0
149	02:28:00	0	0	0	0	2	2	2	1	0	0	0	0
150	02:29:00	0	0	0	0	3	2	2	1	0	0	0	0
151	02:30:00	0	0	0	0	3	2	2	1	0	0	0	0
152	02:31:00	0	0	0	0	3	3	2	1	0	0	0	0
153	02:32:00	0	0	0	0	3	2	2	1	0	0	0	0
154	02:33:00	0	0	0	0	3	2	2	1	0	0	0	0
155	02:34:00	0	0	0	0	3	2	2	1	0	0	0	0
156	02:35:00	0	0	0	0	3	3	2	1	0	0	0	0
157	02:36:00	0	0	0	0	3	3	2	1	0	0	0	0
158	02:37:00	0	0	0	0	2	3	2	1	0	0	0	0
159	02:38:00	0	0	0	0	2	3	2	1	0	0	0	0
160	02:39:00	0	0	0	0	3	3	2	1	0	0	0	0
161	02:40:00	0	0	0	0	2	3	2	1	0	0	0	0
162	02:41:00	0	0	0	0	2	3	2	1	0	0	0	0
163	02:42:00	0	0	0	0	2	3	2	1	0	0	0	0
164	02:43:00	0	0	0	0	2	3	2	1	0	0	0	0
165	02:44:00	0	0	0	0	2	3	2	1	0	0	0	0
166	02:45:00	0	0	0	0	2	3	2	1	0	0	0	0
167	02:46:00	0	0	0	0	2	3	2	2	0	0	0	0
168	02:47:00	0	0	0	0	2	3	2	2	0	0	0	0
169	02:48:00	0	0	0	0	2	3	2	2	0	0	0	0
170	02:49:00	0	0	0	0	2	3	2	2	0	0	0	0
171	02:50:00	0	0	0	0	2	3	2	2	0	0	0	0
172	02:51:00	0	0	0	0	2	3	2	2	0	0	0	0
173	02:52:00	0	0	0	0	2	3	2	2	0	0	0	0
174	02:53:00	0	0	0	0	2	3	2	2	0	0	0	0
175	02:54:00	0	0	0	0	2	3	2	2	0	0	0	0
176	02:55:00	0	0	0	0	2	3	2	1	0	0	0	0
177	02:56:00	0	0	0	0	2	3	2	1	0	0	0	0
178	02:57:00	0	0	0	0	2	3	2	1	0	0	0	0
179	02:58:00	0	0	0	0	2	3	2	2	0	0	0	0
180	02:59:00	0	0	0	0	2	3	2	2	0	0	0	0
181	03:00:00	0	0	0	0	2	3	2	2	0	0	0	0
182	03:01:00	0	0	0	0	2	3	2	2	0	0	0	0
183	03:02:00	0	0	0	0	2	3	2	2	0	0	0	0
184	03:03:00	0	0	0	0	2	3	2	2	0	0	0	0
185	03:04:00	0	0	0	0	2	3	2	2	0	0	0	0
186	03:05:00	0	0	0	0	2	3	2	2	0	0	0	0
187	03:06:00	0	0	0	0	2	3	2	2	0	0	0	0
188	03:07:00	0	0	0	0	2	3	2	2	0	0	0	0
189	03:08:00	0	0	0	0	2	3	2	2	0	0	0	0
190	03:09:00	0	0	0	0	2	3	2	2	0	0	0	0
191	03:10:00	0	0	0	0	2	3	2	2	0	0	0	0
192	03:11:00	0	0	0	0	2	3	2	2	0	0	0	0
193	03:12:00	0	0	0	0	2	3	2	2	0	0	0	0
194	03:13:00	0	0	0	0	2	3	2	1	0	0	0	0
195	03:14:00	0	0	0	0	1	3	2	1	0	0	0	0
196	03:15:00	0	0	0	0	1	3	2	1	0	0	0	0
197	03:16:00	0	0	0	0	1	3	2	1	0	0	0	0
198	03:17:00	0	0	0	0	1	3	2	1	0	0	0	0
199	03:18:00	0	0	0	0	1	3	2	1	0	0	0	0
200	03:19:00	0	0	0	0	1	3	2	1	0	0	0	0
201	03:20:00	0	0	0	0	1	3	2	1	0	0	0	0
202	03:21:00	0	0	0	0	1	3	2	1	0	0	0	0
203	03:22:00	0	0	0	0	1	3	2	1	0	0	0	0
204	03:23:00	0	0	0	0	1	3	2	1	0	0	0	0
205	03:24:00	0	0	0	0	1	3	2	1	0	0	0	0
206	03:25:00	0	0	0	0	1	3	2	1	0	0	0	0
207	03:26:00	0	0	0	0	1	3	2	1	0	0	0	0
208	03:27:00	0	0	0	0	1	3	2	1	0	0	0	0
209	03:28:00	0	0	0	0	1	3	2	1	0	0	0	0
210	03:29:00	0	0	0	0	1	3	2	1	0	0	0	0
211	03:30:00	0	0	0	0	1	3	2	2	0	0	0	0
212	03:31:00	1	0	0	0	1	3	2	2	0	0	0	0
213	03:32:00	1	0	0	0	1	3	2	1	0	0	0	0
214	03:33:00	1	0	0	0	1	3	2	1	0	0	0	0
215	03:34:00	1	0	0	0	1	3	2	1	0	0	0	0
216	03:35:00	1	0	0	0	1	3	2	1	0	0	0	0
217	03:36:00	1	0	0	0	1	3	2	1	0	0	0	0
218	03:37:00	1	0	0	0	1	3	2	2	0	0	0	0
219	03:38:00	1	0	0	0	1	3	2	2	0	0	0	0
220	03:39:00	1	0	0	0	1	3	2	1	0	0	0	0
221	03:40:00	0	0	0	0	1	3	2	1	0	0	0	0
222	03:41:00	0	0	0	0	1	3	2	1	0	0	0	0
223	03:42:00	0	0	0	0	1	3	2	1	0	0	0	0
224	03:43:00	0	0	0	0	1	3	2	1	0	0	0	0
225	03:44:00	0	0	0	0	1	3	2	1	0	0	0	0
226	03:45:00	0	0	0	0	1	3	2	1	0	0	0	0
227	03:46:00	0	0	0	0	1	3	2	1	0	0	0	0
228	03:47:00	0	0	0	0	1	2	2	1	0	0	0	0
229	03:48:00	0	0	0	0	1	2	2	1	0	0	0	0
230	03:49:00	0	0	0	0	1	2	2	1	0	0	0	0
231	03:50:00	0	0	0	0	1	3	2	1	0	0	0	0
232	03:51:00	0	0	0	0	1	2	2	1	0	0	0	0
233	03:52:00	0	0	0	0	1	3	2	1	0	0	0	0
234	03:53:00	0	0	0	0	1	3	2	1	0	0	0	0
235	03:54:00	1	0	0	0	1	3	2	2	0	0	0	0
236	03:55:00	1	0	0	0	1	3	2	2	0	0	0	0
237	03:56:00	1	0	0	0	1	3	2	2	0	0	0	0
238	03:57:00	1	0	0	0	1	3	2	2	0	0	0	0
239	03:58:00	1	0	0	0	1	3	2	2	0	0	0	0
240	03:59:00	1	0	0	0	1	3	2	2	0	0	0	0
241	04:00:00	1	0	0	0	1	3	2	2	0	0	0	0
242	04:01:00	1	0	0	0	1	3	2	2	0	0	0	0
243	04:02:00	1	0	0	0	1	3	2	2	0	0	0	0
244	04:03:00	1	0	0	0	1	3	2	2	0	0	0	0
245	04:04:00	1	0	0	0	1	3	2	2	0	0	0	0
246	04:05:00	1	0	0	0	1	3	2	2	0	0	0	0
247	04:06:00	1	0	0	0	1	3	2	2	0	0	0	0
248	04:07:00	1	0	0	0	1	3	2	2	0	0	0	0
249	04:08:00	1	0	0	0	1	3	2	2	0	0	0	0
250	04:09:00	1	0	0	0	1	3	1	2	0	0	0	0
251	04:10:00	0	0	0	0	1	3	2	2	0	0	0	0
252	04:11:00	1	0	0	0	1	3	2	2	0	0	0	0
253	04:12:00	1	0	0	0	1	3	1	2	0	0	0	0
254	04:13:00	1	0	0	0	1	3	1	2	0	0	0	0
255	04:14:00	1	0	0	0	1	3	1	2	0	0	0	0
256	04:15:00	1	0	0	0	1	3	1	2	0	0	0	0
257	04:16:00	1	0	0	0	1	3	1	2	0	0	0	0
258	04:17:00	1	0	0	0	1	3	1	2	0	0	0	0
259	04:18:00	1	0	0	0	1	3	1	2	0	0	0	0
260	04:19:00	1	0	0	0	1	3	1	2	0	0	0	0
261	04:20:00	1	0	0	0	1	3	1	2	0	0	0	0
262	04:21:00	1	0	0	0	1	3	1	2	0	0	0	0
263	04:22:00	1	0	0	0	1	3	1	2	0	0	0	0
264	04:23:00	1	0	0	0	1	3	1	2	0	0	0	0
265	04:24:00	1	0	0	0	1	4	1	2	0	0	0	0
266	04:25:00	1	0	0	0	1	4	1	2	0	0	0	0
267	04:26:00	1	0	0	0	1	4	1	2	0	0	0	0
268	04:27:00	1	0	0	0	1	4	1	2	0	0	0	0
269	04:28:00	1	0	0	0	1	3	2	2	0	0	0	0
270	04:29:00	1	0	0	0	1	4	2	2	0	0	0	0
271	04:30:00	1	0	0	0	1	4	2	2	0	0	0	0
272	04:31:00	1	0	0	0	1	4	2	2	0	0	0	0
273	04:32:00	1	0	0	0	1	4	2	2	0	0	0	0
274	04:33:00	1	0	0	0	1	4	2	2	0	0	0	0
275	04:34:00	1	0	0	0	1	5	2	2	0	0	0	0
276	04:35:00	1	0	0	0	1	5	2	2	0	0	0	0
277	04:36:00	1	0	0	0	1	6	1	1	0	0	0	0
278	04:37:00	1	0	0	0	1	6	1	2	0	0	0	0
279	04:38:00	1	0	0	0	1	7	2	2	0	0	0	0
280	04:39:00	1	0	0	0	1	8	2	2	0	0	0	0
281	04:40:00	1	0	0	0	1	7	2	1	0	0	0	0
282	04:41:00	1	0	0	0	1	7	2	2	0	0	0	0
283	04:42:00	1	0	0	0	1	8	2	2	0	0	0	0
284	04:43:00	1	0	0	0	1	9	2	2	0	0	0	0
285	04:44:00	1	0	0	0	1	8	2	2	0	0	0	0
286	04:45:00	1	0	0	0	1	8	2	2	0	0	0	0
287	04:46:00	1	0	0	0	1	8	2	2	0	0	0	0
288	04:47:00	1	0	0	0	1	8	3	2	0	0	0	0
289	04:48:00	1	0	0	0	1	9	3	2	0	0	0	0
290	04:49:00	1	0	0	0	1	9	3	2	0	0	0	0
291	04:50:00	1	0	0	0	1	9	3	2	0	0	0	0
292	04:51:00	1	0	0	0	1	9	4	2	0	0	0	0
293	04:52:00	1	0	0	0	1	10	4	2	0	0	0	0
294	04:53:00	1	0	0	0	1	10	4	2	0	0	0	0
295	04:54:00	2	0	0	0	1	10	4	2	0	0	0	0
296	04:55:00	2	0	0	0	2	11	4	2	0	0	0	0
297	04:56:00	2	0	0	0	2	12	4	2	0	0	0	0
298	04:57:00	2	0	0	0	1	12	4	2	0	0	0	0
299	04:58:00	2	0	0	0	2	12	4	2	0	0	0	0
300	04:59:00	2	0	0	0	2	13	4	2	0	0	0	0
301	05:00:00	2	0	0	0	1	13	4	2	0	0	0	0
302	05:01:00	2	0	0	0	1	14	4	2	0	0	0	0
303	05:02:00	2	0	0	0	2	14	3	2	0	0	0	0
304	05:03:00	2	0	0	0	2	14	3	2	0	0	0	0
305	05:04:00	2	0	0	0	2	15	3	2	0	0	0	0
306	05:05:00	2	0	0	0	2	15	4	2	0	0	0	0
307	05:06:00	2	0	0	0	3	15	4	2	0	0	0	0
308	05:07:00	2	0	0	0	3	15	5	2	0	0	0	0
309	05:08:00	1	0	0	0	3	15	5	2	0	0	0	0
310	05:09:00	1	0	0	0	4	15	6	2	0	0	0	0
311	05:10:00	1	0	0	0	4	16	6	2	0	0	0	0
312	05:11:00	1	0	0	0	4	15	6	2	0	0	0	0
313	05:12:00	1	0	0	0	4	16	7	2	0	0	0	0
314	05:13:00	1	0	0	0	4	16	7	2	0	0	0	0
315	05:14:00	1	0	0	0	4	17	7	2	0	0	0	0
316	05:15:00	1	0	0	0	3	18	8	2	0	0	0	0
317	05:16:00	1	0	0	0	4	18	8	2	0	0	0	0
318	05:17:00	1	0	0	0	5	19	9	2	0	0	0	0
319	05:18:00	1	0	0	0	5	20	9	2	0	0	0	0
320	05:19:00	1	0	0	0	5	20	10	2	0	0	0	0
321	05:20:00	1	0	0	0	5	21	11	2	0	0	0	0
322	05:21:00	1	0	0	0	6	21	11	2	0	0	0	0
323	05:22:00	1	0	0	0	6	21	12	2	0	0	0	0
324	05:23:00	1	0	0	0	6	21	11	3	0	0	0	0
325	05:24:00	1	0	0	0	7	22	11	3	0	0	0	0
326	05:25:00	1	0	0	0	7	21	12	3	0	0	0	0
327	05:26:00	1	0	0	0	7	21	13	3	0	0	0	0
328	05:27:00	1	0	0	0	8	21	14	3	0	0	0	0
329	05:28:00	1	0	0	0	8	21	14	3	0	0	0	0
330	05:29:00	1	0	0	0	9	22	16	3	0	0	0	0
331	05:30:00	1	0	0	0	10	23	16	3	0	0	0	0
332	05:31:00	1	0	0	0	11	23	17	3	0	0	0	0
333	05:32:00	0	0	0	0	11	23	17	3	0	0	0	0
334	05:33:00	0	0	0	0	12	24	17	3	0	0	0	0
335	05:34:00	0	0	0	0	13	25	18	3	0	0	0	0
336	05:35:00	0	0	0	0	14	25	18	4	0	0	0	0
337	05:36:00	0	0	0	0	15	26	18	4	0	0	0	0
338	05:37:00	0	0	0	0	16	27	18	4	0	0	0	0
339	05:38:00	0	0	0	0	17	29	19	4	0	0	0	0
340	05:39:00	0	0	0	0	18	31	20	4	0	0	0	0
341	05:40:00	0	0	0	0	19	32	19	4	0	0	0	0
342	05:41:00	0	0	0	0	20	34	20	5	0	0	0	0
343	05:42:00	0	0	0	0	21	35	21	5	0	0	0	0
344	05:43:00	0	0	0	0	22	37	22	5	0	0	0	0
345	05:44:00	0	0	0	0	24	38	22	6	0	0	0	0
346	05:45:00	0	0	0	0	25	40	23	6	0	0	0	0
347	05:46:00	0	0	0	0	26	42	24	5	0	0	0	0
348	05:47:00	0	0	0	0	28	43	25	6	0	0	0	0
349	05:48:00	0	0	0	0	29	45	25	6	0	0	0	0
350	05:49:00	0	0	0	0	31	47	25	6	0	0	0	0
351	05:50:00	0	0	0	0	32	49	25	7	0	0	0	0
352	05:51:00	0	0	0	0	33	52	25	7	0	0	0	0
353	05:52:00	0	0	0	0	35	53	25	8	0	0	0	0
354	05:53:00	0	0	0	0	37	55	25	9	0	0	0	0
355	05:54:00	0	0	0	0	38	57	24	10	0	0	0	0
356	05:55:00	0	0	0	0	41	59	25	11	0	0	0	0
357	05:56:00	0	0	0	0	42	60	24	12	0	0	0	0
358	05:57:00	0	0	0	0	44	61	25	13	0	0	0	0
359	05:58:00	0	0	0	0	46	62	25	13	0	0	0	0
360	05:59:00	0	0	0	0	47	63	25	14	0	0	0	0
361	06:00:00	0	0	0	0	49	64	25	15	0	0	0	0
362	06:01:00	0	0	0	0	51	65	24	16	0	0	0	0
363	06:02:00	0	0	0	0	53	66	25	17	0	0	0	0
364	06:03:00	0	0	0	0	55	68	25	19	0	0	0	0
365	06:04:00	0	0	0	0	56	70	26	19	0	0	0	0
366	06:05:00	0	0	0	0	57	73	26	19	0	0	0	0
367	06:06:00	0	0	0	0	59	76	27	20	0	0	0	0
368	06:07:00	0	0	0	0	60	79	27	21	0	0	0	0
369	06:08:00	0	0	0	0	62	82	27	22	0	0	0	0
370	06:09:00	0	0	0	1	64	87	27	22	0	0	0	0
371	06:10:00	0	0	0	1	66	92	28	23	0	0	0	0
372	06:11:00	0	0	0	1	68	96	28	24	0	0	0	0
373	06:12:00	0	0	0	1	70	100	29	24	0	0	0	0
374	06:13:00	0	0	0	1	71	105	29	24	0	0	0	0
375	06:14:00	0	0	0	1	73	108	29	23	0	0	0	0
376	06:15:00	0	0	0	1	75	110	29	23	0	0	0	0
377	06:16:00	0	0	0	1	77	112	30	22	0	0	0	0
378	06:17:00	0	0	0	1	79	113	29	23	0	0	0	0
379	06:18:00	0	0	0	1	81	114	29	23	0	0	0	0
380	06:19:00	0	0	0	1	82	116	30	24	0	0	0	0
381	06:20:00	0	0	0	1	83	116	31	25	0	0	0	0
382	06:21:00	0	0	0	1	86	116	32	26	0	0	0	0
383	06:22:00	0	0	0	1	87	115	33	28	0	0	0	0
384	06:23:00	0	0	0	1	89	114	34	30	0	0	0	0
385	06:24:00	0	0	0	2	91	113	35	33	0	0	0	0
386	06:25:00	0	0	1	2	93	112	35	36	0	0	0	0
387	06:26:00	0	0	1	2	94	111	35	40	0	0	0	0
388	06:27:00	0	0	1	2	96	110	35	43	0	0	0	0
389	06:28:00	0	0	1	2	98	109	34	46	0	0	0	0
390	06:29:00	0	0	2	2	99	109	34	49	0	0	0	0
391	06:30:00	0	0	2	2	101	108	33	52	0	0	0	0
392	06:31:00	0	0	2	2	104	109	33	55	0	0	0	0
393	06:32:00	0	0	2	3	106	109	32	57	0	0	0	0
394	06:33:00	0	0	3	3	108	109	32	60	0	0	0	0
395	06:34:00	0	0	3	3	110	108	31	62	0	0	0	0
396	06:35:00	0	0	4	4	113	109	31	64	1	0	0	0
397	06:36:00	0	0	4	4	115	108	32	66	1	0	0	0
398	06:37:00	0	0	4	5	117	107	31	67	1	0	0	0
399	06:38:00	0	0	5	5	119	106	32	69	1	0	0	0
400	06:39:00	0	0	5	5	121	104	32	70	1	0	0	0
401	06:40:00	0	0	5	5	123	101	32	72	2	0	0	0
402	06:41:00	0	0	6	6	124	99	33	74	2	0	0	0
403	06:42:00	0	0	6	6	127	95	33	75	2	0	0	0
404	06:43:00	0	0	6	6	129	92	33	76	2	0	0	0
405	06:44:00	0	0	7	6	132	89	33	77	2	0	0	0
406	06:45:00	0	0	7	6	134	86	32	79	3	0	0	0
407	06:46:00	0	0	7	6	136	83	32	81	3	0	0	0
408	06:47:00	0	0	8	6	138	80	32	83	3	0	0	0
409	06:48:00	0	0	8	6	140	76	32	85	4	0	0	0
410	06:49:00	0	0	8	6	142	74	31	87	4	0	0	0
411	06:50:00	0	0	8	6	144	71	32	91	4	0	0	0
412	06:51:00	0	0	8	7	146	69	33	94	4	0	0	0
413	06:52:00	0	0	9	7	148	67	33	97	5	0	0	0
414	06:53:00	0	0	9	7	151	65	34	101	5	0	0	0
415	06:54:00	0	0	9	8	153	63	34	104	5	0	0	0
416	06:55:00	0	0	10	9	155	62	35	108	5	0	0	0
417	06:56:00	0	0	10	10	158	60	36	111	5	0	0	0
418	06:57:00	0	0	11	11	160	59	36	114	5	0	0	0
419	06:58:00	0	0	12	12	163	59	36	117	5	0	0	0
420	06:59:00	0	0	12	12	166	57	37	120	5	0	0	0
421	07:00:00	0	0	13	12	168	57	38	122	5	0	0	0
422	07:01:00	0	0	14	12	170	56	39	124	5	0	0	0
423	07:02:00	0	0	15	13	173	56	40	127	5	0	0	0
424	07:03:00	0	0	16	13	174	55	40	130	6	0	0	0
425	07:04:00	0	0	18	14	177	54	40	132	6	0	0	0
426	07:05:00	0	0	19	14	179	53	40	134	6	0	0	0
427	07:06:00	0	0	20	15	182	51	41	136	6	0	0	0
428	07:07:00	0	0	21	15	184	51	42	138	6	0	0	0
429	07:08:00	0	0	21	15	186	51	42	140	5	0	0	0
430	07:09:00	0	0	22	15	189	50	43	144	5	0	0	0
431	07:10:00	0	0	22	15	191	49	44	148	5	1	0	0
432	07:11:00	0	0	23	15	194	49	45	151	5	1	0	0
433	07:12:00	0	0	23	14	196	49	46	153	5	1	0	0
434	07:13:00	0	0	23	14	198	48	47	156	5	1	0	0
435	07:14:00	0	0	23	14	200	49	47	159	5	2	0	0
436	07:15:00	0	0	23	13	203	49	48	162	5	2	0	0
437	07:16:00	0	0	22	13	205	50	49	166	5	3	0	0
438	07:17:00	0	0	22	13	208	50	50	169	5	3	0	0
439	07:18:00	0	0	22	13	211	51	50	172	6	3	0	0
440	07:19:00	0	0	22	13	213	52	50	173	6	4	0	0
441	07:20:00	0	0	21	13	215	54	50	175	6	4	0	0
442	07:21:00	0	1	21	12	218	55	50	180	7	4	0	0
443	07:22:00	0	1	21	12	221	55	50	185	7	4	0	0
444	07:23:00	0	1	20	12	224	56	51	190	7	5	0	0
445	07:24:00	0	1	20	12	226	57	51	194	8	5	0	0
446	07:25:00	0	1	20	12	229	58	51	197	8	5	0	0
447	07:26:00	0	1	20	12	232	58	51	200	8	5	0	0
448	07:27:00	0	2	20	12	235	58	52	205	9	5	0	0
449	07:28:00	0	2	20	12	237	58	52	208	9	5	0	0
450	07:29:00	0	2	20	13	240	58	53	212	9	6	0	0
451	07:30:00	0	2	20	13	242	59	54	216	9	6	0	0
452	07:31:00	0	3	20	13	245	59	56	220	9	6	0	0
453	07:32:00	0	3	19	13	248	59	57	223	9	6	0	0
454	07:33:00	0	3	19	13	251	59	59	225	10	6	0	0
455	07:34:00	0	4	19	13	253	59	61	228	10	6	0	0
456	07:35:00	0	4	20	13	256	60	61	232	11	6	0	0
457	07:36:00	0	5	21	14	259	60	63	236	11	6	0	0
458	07:37:00	0	5	21	15	262	61	64	240	11	6	0	0
459	07:38:00	0	6	21	16	266	61	65	244	11	7	0	0
460	07:39:00	0	6	21	16	269	61	66	245	11	7	0	0
461	07:40:00	0	6	22	17	272	63	68	247	10	7	0	0
462	07:41:00	0	7	22	17	275	64	69	251	10	7	0	0
463	07:42:00	0	7	22	18	277	66	71	254	10	8	0	0
464	07:43:00	0	8	22	19	280	67	73	258	10	8	0	0
465	07:44:00	0	9	23	20	282	69	74	260	10	8	0	0
466	07:45:00	0	9	23	21	285	71	75	264	10	9	0	0
467	07:46:00	0	10	23	21	287	72	76	267	9	9	0	0
468	07:47:00	0	11	23	22	290	73	76	271	9	9	0	0
469	07:48:00	0	12	24	23	293	74	77	278	9	9	0	0
470	07:49:00	0	12	24	25	295	75	78	284	9	9	0	0
471	07:50:00	0	13	24	28	297	75	79	290	9	9	0	0
472	07:51:00	0	14	24	33	300	76	79	296	10	9	0	0
473	07:52:00	0	15	24	38	302	76	79	302	10	9	0	0
474	07:53:00	0	16	24	42	305	77	79	307	10	10	0	0
475	07:54:00	0	18	24	46	308	78	80	312	10	10	0	0
476	07:55:00	1	19	24	49	311	78	81	317	10	10	0	0
477	07:56:00	1	20	25	51	314	79	82	323	11	10	0	0
478	07:57:00	1	21	25	55	318	80	84	330	11	10	0	0
479	07:58:00	1	22	26	59	320	81	85	334	12	10	0	0
480	07:59:00	1	23	26	60	323	82	86	337	14	10	0	0
481	08:00:00	1	23	27	61	326	83	87	343	15	10	0	0
482	08:01:00	1	23	27	62	328	84	88	344	17	10	0	0
483	08:02:00	2	23	28	63	331	86	89	343	18	10	0	0
484	08:03:00	2	23	28	64	333	87	90	346	20	10	0	0
485	08:04:00	2	22	28	64	336	89	91	350	20	11	0	0
486	08:05:00	2	23	28	64	338	90	92	355	21	11	0	0
487	08:06:00	2	23	28	63	341	91	94	359	21	11	0	0
488	08:07:00	2	22	28	64	345	91	95	363	21	12	0	0
489	08:08:00	2	22	28	65	348	92	96	366	21	12	0	0
490	08:09:00	2	22	29	66	348	92	98	369	21	13	0	0
491	08:10:00	3	23	29	68	348	92	101	373	21	14	0	0
492	08:11:00	3	23	30	68	351	93	104	376	21	15	0	0
493	08:12:00	3	23	31	66	354	94	107	379	22	16	0	0
494	08:13:00	3	24	32	64	356	94	110	380	23	17	0	0
495	08:14:00	3	24	33	63	358	96	113	383	23	19	0	0
496	08:15:00	3	24	34	62	358	96	117	384	24	20	0	0
497	08:16:00	3	24	34	61	359	97	122	384	24	21	0	0
498	08:17:00	3	23	35	60	359	98	128	384	24	22	0	0
499	08:18:00	3	23	35	59	363	98	134	383	24	23	0	0
500	08:19:00	3	23	36	58	366	98	141	383	23	24	0	0
501	08:20:00	4	24	36	57	369	97	148	383	23	25	0	0
502	08:21:00	4	25	36	56	373	96	153	381	22	26	0	0
503	08:22:00	4	30	36	54	376	95	157	378	21	27	0	0
504	08:23:00	4	36	36	53	380	93	160	377	21	28	0	0
505	08:24:00	5	41	36	52	384	92	162	375	20	29	0	0
506	08:25:00	5	47	36	50	387	91	163	350	20	30	0	0
507	08:26:00	6	55	35	48	391	91	163	329	20	30	0	0
508	08:27:00	6	58	35	47	394	90	162	335	21	31	0	0
509	08:28:00	6	63	36	46	396	89	162	338	21	32	0	0
510	08:29:00	6	69	36	45	399	89	163	341	22	33	0	0
511	08:30:00	7	72	37	45	402	89	162	338	22	34	0	0
512	08:31:00	7	75	37	45	406	90	162	325	22	34	0	0
513	08:32:00	7	75	37	45	408	90	162	325	23	35	0	0
514	08:33:00	7	75	37	45	411	90	162	333	23	36	0	0
515	08:34:00	8	74	38	44	415	91	162	314	23	36	0	0
516	08:35:00	8	75	39	43	418	92	162	316	23	36	0	0
517	08:36:00	8	77	38	42	421	92	163	295	23	36	0	0
518	08:37:00	8	82	37	42	424	92	163	277	23	37	0	0
519	08:38:00	8	86	36	42	427	92	163	287	23	37	0	0
520	08:39:00	9	92	34	42	429	93	163	292	23	37	0	0
521	08:40:00	9	97	33	42	429	93	163	295	23	37	0	0
522	08:41:00	9	97	31	42	428	94	164	284	24	37	0	1
523	08:42:00	9	99	30	42	430	95	165	293	24	37	0	1
524	08:43:00	9	100	29	42	431	97	165	307	24	37	0	1
525	08:44:00	10	101	29	42	433	99	165	318	25	38	0	1
526	08:45:00	10	101	29	43	434	101	165	323	25	39	0	1
527	08:46:00	10	101	30	43	438	103	166	332	25	40	0	1
528	08:47:00	11	100	29	43	441	106	167	339	24	43	0	1
529	08:48:00	11	98	30	43	444	107	168	343	24	47	0	1
530	08:49:00	11	95	31	43	448	108	167	352	24	51	0	1
531	08:50:00	11	93	32	45	452	109	168	365	24	55	0	1
532	08:51:00	12	90	33	48	456	108	168	378	25	58	0	1
533	08:52:00	12	90	34	51	459	108	168	389	25	61	0	1
534	08:53:00	12	87	34	53	463	106	170	402	25	64	0	1
535	08:54:00	12	84	35	55	465	106	170	413	25	65	0	1
536	08:55:00	13	81	35	57	468	105	171	424	25	67	0	1
537	08:56:00	13	77	35	59	469	105	171	435	25	68	0	1
538	08:57:00	13	74	35	60	473	104	173	439	25	70	0	1
539	08:58:00	13	71	36	63	473	103	175	446	24	73	0	1
540	08:59:00	13	69	36	64	474	102	177	451	25	77	0	2
541	09:00:00	13	66	37	65	475	101	180	459	25	81	0	1
542	09:01:00	13	66	38	66	479	101	182	468	25	84	0	2
543	09:02:00	13	74	39	66	481	101	184	478	25	88	0	2
544	09:03:00	13	75	39	66	482	103	186	486	25	91	0	2
545	09:04:00	14	77	40	66	484	106	190	493	24	94	0	2
546	09:05:00	14	82	42	67	487	109	193	498	24	97	0	2
547	09:06:00	15	86	43	69	489	113	195	505	24	98	0	2
548	09:07:00	15	94	44	72	491	116	197	511	25	98	3	2
549	09:08:00	16	100	45	74	493	118	199	492	26	98	6	2
550	09:09:00	17	103	46	75	495	120	201	495	28	99	9	2
551	09:10:00	17	100	47	76	496	122	203	500	30	100	11	2
552	09:11:00	18	96	47	77	500	124	205	475	31	101	14	2
553	09:12:00	18	93	47	77	503	126	207	451	32	104	17	1
554	09:13:00	18	90	48	77	506	127	211	463	34	106	19	1
555	09:14:00	19	87	50	77	509	129	214	465	36	109	21	2
556	09:15:00	19	86	53	77	512	132	217	476	37	111	23	1
557	09:16:00	19	95	57	77	516	135	220	487	39	113	26	2
558	09:17:00	20	104	61	77	519	138	224	498	41	115	28	2
559	09:18:00	20	113	64	79	522	142	227	511	43	117	31	2
560	09:19:00	20	121	68	82	523	146	231	492	44	119	34	2
561	09:20:00	20	130	72	85	526	149	235	467	45	122	38	2
562	09:21:00	20	137	75	89	528	152	238	467	46	125	43	2
563	09:22:00	21	148	78	93	531	154	242	450	46	127	48	2
564	09:23:00	21	152	81	96	534	156	246	470	46	132	51	2
565	09:24:00	22	147	83	99	536	157	250	489	47	136	53	2
566	09:25:00	22	153	86	101	539	158	254	507	48	139	56	2
567	09:26:00	23	147	88	104	542	157	258	526	49	141	60	2
568	09:27:00	24	147	90	106	539	157	262	538	50	144	65	3
569	09:28:00	25	140	93	108	543	156	265	532	51	147	78	3
570	09:29:00	25	133	97	109	547	154	268	521	52	150	90	3
571	09:30:00	26	126	101	110	550	152	271	500	53	154	103	3
572	09:31:00	27	120	106	109	553	151	275	476	54	158	115	3
573	09:32:00	27	114	109	108	556	149	277	450	55	160	126	3
574	09:33:00	28	109	111	107	559	146	279	427	57	163	134	3
575	09:34:00	28	105	111	104	562	144	281	407	60	165	141	3
576	09:35:00	29	103	111	103	565	143	284	385	64	167	146	4
577	09:36:00	30	116	111	101	567	142	286	400	67	169	151	3
578	09:37:00	31	129	112	100	569	141	287	413	70	171	157	4
579	09:38:00	33	140	111	99	572	141	289	396	73	175	161	4
580	09:39:00	35	150	110	100	574	140	292	403	75	178	166	4
581	09:40:00	36	160	108	102	577	140	294	415	76	179	169	4
582	09:41:00	37	168	107	105	578	140	296	432	77	176	173	4
583	09:42:00	39	176	106	109	580	141	298	456	78	171	177	4
584	09:43:00	40	183	106	114	582	142	300	470	79	166	181	4
585	09:44:00	42	190	108	120	585	142	302	487	81	163	183	4
586	09:45:00	43	196	109	126	587	144	304	503	81	163	185	4
587	09:46:00	44	202	110	130	589	146	304	471	80	162	185	5
588	09:47:00	45	208	111	133	592	147	305	451	79	159	182	5
589	09:48:00	46	205	114	133	594	149	308	468	79	154	185	5
590	09:49:00	46	215	118	133	595	151	312	443	78	149	188	5
591	09:50:00	47	224	121	133	596	152	318	453	77	143	191	5
592	09:51:00	47	232	127	132	599	153	320	469	77	140	197	5
593	09:52:00	48	240	133	132	602	154	322	486	76	137	203	5
594	09:53:00	48	250	138	130	604	154	323	501	75	135	204	5
595	09:54:00	48	261	144	128	606	154	325	516	74	132	204	5
596	09:55:00	49	266	145	125	607	154	327	530	72	129	207	5
597	09:56:00	50	255	146	123	609	155	329	544	72	128	210	5
598	09:57:00	50	244	143	121	611	155	332	555	71	126	212	6
599	09:58:00	51	232	141	118	612	155	334	561	71	124	215	6
600	09:59:00	52	220	141	114	615	155	336	524	71	122	218	6
601	10:00:00	54	208	143	110	617	156	340	534	70	121	216	6
602	10:01:00	56	198	141	105	620	157	344	542	70	120	218	6
603	10:02:00	57	190	137	101	622	160	346	551	71	120	219	7
604	10:03:00	59	182	132	99	624	163	345	559	72	120	220	7
605	10:04:00	61	173	127	97	627	166	345	566	74	120	207	7
606	10:05:00	62	166	121	96	630	168	343	573	76	120	193	7
607	10:06:00	63	170	118	96	631	168	339	580	78	119	182	8
608	10:07:00	64	182	113	96	635	168	335	586	79	118	184	8
609	10:08:00	65	193	109	96	637	167	329	592	79	117	187	8
610	10:09:00	67	203	108	97	640	164	324	598	81	116	189	8
611	10:10:00	70	213	109	98	643	162	320	604	84	115	181	8
612	10:11:00	72	212	110	100	645	159	315	610	87	115	186	9
613	10:12:00	73	222	113	104	647	156	307	610	92	114	191	9
614	10:13:00	75	232	116	110	650	154	299	614	96	114	196	10
615	10:14:00	77	240	118	114	653	152	291	619	101	116	201	11
616	10:15:00	80	248	120	118	655	151	286	624	105	119	206	12
617	10:16:00	81	255	119	122	657	149	282	631	105	123	213	12
618	10:17:00	82	261	117	127	660	149	276	602	104	134	219	13
619	10:18:00	84	265	116	132	661	150	272	563	104	139	222	13
620	10:19:00	86	258	114	138	663	150	270	578	106	142	218	14
621	10:20:00	89	265	113	144	664	151	270	582	109	144	223	14
622	10:21:00	94	273	112	150	666	152	271	599	111	147	228	14
623	10:22:00	99	282	112	156	667	153	274	613	113	150	232	14
624	10:23:00	101	274	114	163	670	154	276	627	114	153	236	15
625	10:24:00	103	267	118	170	672	155	278	642	116	159	238	14
626	10:25:00	104	258	124	175	674	155	282	639	116	160	240	14
627	10:26:00	103	248	129	179	676	157	286	638	115	160	241	14
628	10:27:00	105	239	134	183	679	157	292	652	114	160	243	14
629	10:28:00	108	230	138	188	682	156	298	635	113	158	245	14
630	10:29:00	110	221	141	193	683	154	304	593	113	155	246	14
631	10:30:00	109	213	143	198	686	153	308	558	113	152	247	14
632	10:31:00	107	205	146	202	688	151	310	576	115	148	248	14
633	10:32:00	106	199	150	203	691	149	311	588	115	144	249	14
634	10:33:00	102	199	152	202	693	149	312	603	113	140	250	13
635	10:34:00	99	196	154	200	695	149	311	616	112	136	251	14
636	10:35:00	96	196	156	199	697	148	309	623	109	131	252	14
637	10:36:00	93	197	159	197	700	146	306	630	106	127	253	14
638	10:37:00	90	198	158	196	702	145	303	637	103	122	254	14
639	10:38:00	87	197	154	195	702	144	299	645	100	118	255	15
640	10:39:00	84	195	149	194	702	142	296	650	97	114	257	15
641	10:40:00	81	195	145	193	704	140	291	656	94	111	258	16
642	10:41:00	79	195	138	193	705	138	286	663	93	107	259	17
643	10:42:00	77	192	131	195	706	136	282	670	92	104	260	17
644	10:43:00	74	190	125	197	701	133	275	676	91	101	261	18
645	10:44:00	72	189	120	198	701	130	270	683	89	98	262	19
646	10:45:00	70	184	115	196	703	126	263	691	88	96	263	19
647	10:46:00	68	178	112	192	704	124	257	698	87	94	264	20
648	10:47:00	66	171	109	186	706	122	251	705	86	92	265	19
649	10:48:00	64	162	104	180	709	121	245	708	84	92	265	19
650	10:49:00	62	154	100	174	710	118	239	712	81	92	266	19
651	10:50:00	60	149	97	170	708	115	233	702	79	92	267	20
652	10:51:00	58	146	93	166	707	114	229	684	76	92	268	20
653	10:52:00	57	146	89	163	707	112	224	687	74	93	269	20
654	10:53:00	56	148	86	159	708	111	221	692	73	93	270	20
655	10:54:00	56	149	82	156	709	110	217	697	72	93	271	20
656	10:55:00	55	155	80	154	711	109	214	700	72	93	271	21
657	10:56:00	55	156	78	152	713	109	211	704	72	92	272	21
658	10:57:00	55	157	75	151	717	110	208	707	71	90	273	22
659	10:58:00	56	175	73	150	719	110	206	712	70	88	274	23
660	10:59:00	57	174	71	149	723	110	205	718	68	87	275	23
661	11:00:00	58	172	70	146	727	112	205	723	68	85	276	24
662	11:01:00	59	184	69	141	730	112	205	730	68	83	277	24
663	11:02:00	60	187	68	135	731	111	205	738	67	81	278	24
664	11:03:00	60	186	67	128	732	110	207	746	67	80	279	24
665	11:04:00	61	184	66	122	733	110	210	751	67	79	280	25
666	11:05:00	61	181	64	117	732	110	214	753	68	78	280	25
667	11:06:00	62	176	64	112	734	111	217	755	70	78	281	24
668	11:07:00	62	175	65	109	737	112	222	718	73	78	282	24
669	11:08:00	62	175	65	108	740	110	228	721	76	79	282	25
670	11:09:00	63	196	66	107	741	106	234	724	80	79	282	25
671	11:10:00	65	213	66	107	741	102	240	726	85	80	283	26
672	11:11:00	65	228	67	108	744	99	247	729	88	80	283	26
673	11:12:00	66	245	67	108	746	97	254	734	90	79	283	27
674	11:13:00	66	240	67	108	744	100	262	738	93	79	283	27
675	11:14:00	65	233	68	108	744	105	269	742	95	78	284	27
676	11:15:00	65	228	69	106	744	110	276	748	96	76	284	27
677	11:16:00	64	224	71	104	746	115	282	753	96	75	285	27
678	11:17:00	63	218	71	101	748	122	286	759	94	73	286	26
679	11:18:00	62	209	70	99	749	128	292	763	91	71	287	26
680	11:19:00	62	197	69	96	751	134	298	761	87	70	287	25
681	11:20:00	63	184	68	94	754	137	305	762	84	68	288	24
682	11:21:00	64	172	67	92	757	137	313	751	82	66	289	24
683	11:22:00	65	158	70	90	758	135	321	739	81	65	289	23
684	11:23:00	66	145	69	88	761	134	329	745	81	64	290	22
685	11:24:00	67	132	68	88	763	133	335	749	83	63	290	22
686	11:25:00	69	120	68	87	767	138	338	747	85	62	290	22
687	11:26:00	73	110	68	88	770	144	339	753	88	61	291	22
688	11:27:00	80	102	68	89	776	151	338	758	91	60	291	22
689	11:28:00	89	97	68	93	783	154	333	763	94	59	291	21
690	11:29:00	97	93	67	97	785	157	327	765	96	58	291	21
691	11:30:00	105	92	66	101	762	158	320	768	97	58	292	21
692	11:31:00	110	94	65	105	716	158	315	770	98	58	292	21
693	11:32:00	115	99	65	109	664	157	309	773	99	59	293	22
694	11:33:00	119	104	65	113	618	156	306	779	99	61	293	22
695	11:34:00	120	109	66	116	580	156	303	784	100	62	294	23
696	11:35:00	121	115	66	118	542	154	301	787	101	63	295	23
697	11:36:00	122	122	67	120	522	149	298	788	103	65	295	24
698	11:37:00	124	131	68	121	519	144	294	787	105	68	295	23
699	11:38:00	127	140	69	121	497	140	292	776	107	71	295	23
700	11:39:00	131	148	71	121	476	136	291	778	107	75	296	23
701	11:40:00	135	155	71	120	511	133	290	770	106	79	296	22
702	11:41:00	138	160	72	118	545	130	292	737	105	84	296	22
703	11:42:00	140	165	73	117	576	128	294	738	105	88	296	21
704	11:43:00	142	167	74	115	604	129	296	743	106	91	297	21
705	11:44:00	144	167	75	113	630	131	297	750	106	93	297	21
706	11:45:00	146	165	76	111	653	131	298	756	105	94	297	21
707	11:46:00	147	163	77	110	674	131	299	760	106	94	297	21
708	11:47:00	148	160	78	108	692	129	299	763	108	94	298	20
709	11:48:00	148	159	79	108	708	126	299	763	110	94	298	21
710	11:49:00	150	159	79	109	725	123	298	764	112	94	299	20
711	11:50:00	151	158	80	110	741	120	296	765	113	93	299	20
712	11:51:00	150	156	80	113	754	116	295	766	113	93	300	20
713	11:52:00	150	154	81	116	765	114	292	767	114	93	301	20
714	11:53:00	152	151	80	118	775	113	289	767	117	93	301	21
715	11:54:00	153	148	80	120	784	111	286	768	121	93	301	21
716	11:55:00	154	145	79	119	793	109	283	774	126	93	301	21
717	11:56:00	155	143	79	118	801	109	282	744	128	93	301	21
718	11:57:00	154	143	77	117	808	109	282	744	132	92	301	21
719	11:58:00	154	142	76	115	814	109	283	751	137	91	301	21
720	11:59:00	154	142	74	113	819	111	286	757	142	90	300	21
721	12:00:00	155	144	72	112	825	114	292	761	147	90	299	21
722	12:01:00	155	145	70	110	831	120	298	764	151	92	277	21
723	12:02:00	155	147	69	107	836	123	305	765	155	93	279	21
724	12:03:00	156	149	69	103	842	124	313	765	160	94	281	21
725	12:04:00	155	152	69	99	848	122	322	765	166	95	283	21
726	12:05:00	153	160	70	96	852	121	330	768	171	97	285	21
727	12:06:00	150	162	70	92	858	123	337	769	176	98	287	20
728	12:07:00	149	163	69	89	861	125	345	771	181	101	288	20
729	12:08:00	147	165	68	86	865	126	354	775	181	103	290	20
730	12:09:00	146	163	68	84	872	127	362	777	178	104	291	19
731	12:10:00	145	180	67	82	859	128	375	783	176	104	292	19
732	12:11:00	145	195	65	81	816	129	396	788	172	104	293	19
733	12:12:00	145	218	65	81	823	129	417	793	167	104	295	19
734	12:13:00	143	239	65	82	774	132	467	789	162	104	295	19
735	12:14:00	140	258	66	84	721	132	491	789	159	105	296	19
736	12:15:00	139	275	67	86	679	129	493	789	156	105	297	19
737	12:16:00	138	291	67	88	632	125	489	789	154	106	298	18
738	12:17:00	137	305	69	89	590	120	480	789	154	107	299	18
739	12:18:00	136	317	72	88	551	115	471	779	156	109	300	18
740	12:19:00	136	328	74	87	531	110	461	773	160	110	301	18
741	12:20:00	136	338	78	86	551	107	451	765	166	111	301	18
742	12:21:00	137	347	83	86	580	104	441	768	167	109	302	19
743	12:22:00	134	354	88	86	607	101	433	769	166	107	301	19
744	12:23:00	130	362	92	87	640	98	426	771	166	105	302	20
745	12:24:00	127	368	95	88	670	96	420	774	169	102	302	20
746	12:25:00	123	374	100	88	693	95	415	777	172	99	302	21
747	12:26:00	119	379	108	88	715	94	413	780	173	96	302	21
748	12:27:00	116	383	122	88	736	94	410	783	174	93	301	21
749	12:28:00	112	388	132	89	753	96	411	785	175	90	304	21
750	12:29:00	107	391	139	90	767	97	412	786	175	88	303	21
751	12:30:00	104	393	144	91	778	102	416	788	178	85	287	21
752	12:31:00	100	396	150	93	788	107	426	788	181	82	272	21
753	12:32:00	97	399	154	95	798	109	439	789	181	79	257	20
754	12:33:00	94	400	157	98	805	110	457	790	178	77	243	20
755	12:34:00	90	403	158	102	811	108	456	792	175	74	229	20
756	12:35:00	87	405	157	108	816	107	451	795	173	73	217	20
757	12:36:00	84	406	155	114	820	106	447	796	174	72	207	20
758	12:37:00	81	408	154	121	823	105	445	799	175	71	198	20
759	12:38:00	78	411	154	126	827	104	441	802	178	72	189	20
760	12:39:00	75	417	156	129	831	104	437	803	183	72	180	20
761	12:40:00	72	422	162	131	833	103	433	805	190	73	171	20
762	12:41:00	70	409	170	131	835	102	429	808	196	73	163	21
763	12:42:00	68	388	178	130	835	103	427	811	200	72	155	21
764	12:43:00	66	361	183	127	835	103	428	813	203	72	147	22
765	12:44:00	64	368	189	124	836	104	425	814	207	71	139	22
766	12:45:00	62	372	213	120	838	105	422	819	210	70	132	22
767	12:46:00	60	379	230	116	839	106	419	823	212	69	126	23
768	12:47:00	58	386	239	113	841	105	418	826	214	68	121	24
769	12:48:00	57	392	244	110	844	104	414	831	214	68	116	24
770	12:49:00	55	397	247	109	848	105	408	768	211	68	111	24
771	12:50:00	54	402	252	109	852	107	401	757	206	70	107	24
772	12:51:00	53	406	262	110	856	107	394	768	202	73	103	24
773	12:52:00	52	410	277	112	858	105	387	780	200	76	99	24
774	12:53:00	51	415	301	114	858	102	381	785	201	78	95	23
775	12:54:00	50	419	331	117	858	101	379	728	203	81	92	22
776	12:55:00	49	423	383	120	858	99	380	681	206	85	90	22
777	12:56:00	49	428	426	122	859	98	383	692	210	88	89	22
778	12:57:00	48	409	467	125	860	98	389	707	213	90	88	22
779	12:58:00	47	411	501	128	860	97	399	684	213	91	87	22
780	12:59:00	45	395	533	131	862	98	405	703	212	91	87	22
781	13:00:00	44	406	531	136	862	100	405	723	208	91	107	22
782	13:01:00	44	416	519	140	862	101	401	737	201	89	126	22
783	13:02:00	43	423	505	144	863	101	396	751	194	88	136	22
784	13:03:00	42	430	485	147	864	100	391	765	187	87	132	21
785	13:04:00	41	408	463	147	865	98	389	775	181	87	129	21
786	13:05:00	41	401	443	146	866	96	390	786	177	87	126	22
787	13:06:00	40	377	432	144	865	94	395	796	173	88	125	21
788	13:07:00	40	353	439	141	864	93	420	801	168	91	125	21
789	13:08:00	40	330	482	138	862	92	444	793	160	95	144	21
790	13:09:00	40	308	524	135	862	91	479	802	153	97	152	21
791	13:10:00	41	287	559	132	860	90	478	810	145	99	148	21
792	13:11:00	42	268	590	130	858	89	471	816	139	103	141	21
793	13:12:00	43	251	617	128	857	89	461	817	133	107	136	21
794	13:13:00	43	236	638	127	857	89	452	819	128	110	130	21
795	13:14:00	43	223	651	127	858	89	442	821	124	117	125	21
796	13:15:00	43	211	665	126	858	91	432	825	121	127	119	20
797	13:16:00	43	202	671	125	858	93	429	828	120	138	114	20
798	13:17:00	42	193	678	122	858	95	486	827	119	146	109	21
799	13:18:00	42	185	690	119	857	101	535	829	116	149	104	21
800	13:19:00	41	175	697	116	856	108	579	806	114	149	100	21
801	13:20:00	41	166	700	112	855	114	619	813	115	148	96	21
802	13:21:00	42	159	689	108	854	119	658	818	117	146	92	21
803	13:22:00	43	150	669	104	853	125	694	758	119	146	88	22
804	13:23:00	43	142	645	101	852	134	729	745	121	147	85	22
805	13:24:00	43	133	623	98	851	147	732	700	124	146	82	22
806	13:25:00	44	125	602	96	851	154	730	715	126	143	80	22
807	13:26:00	45	117	581	95	850	159	724	728	127	139	78	23
808	13:27:00	45	109	558	95	850	159	751	739	130	136	77	23
809	13:28:00	45	102	533	96	850	156	772	752	134	132	75	23
810	13:29:00	46	95	510	97	851	152	746	763	137	131	74	23
811	13:30:00	47	89	486	98	851	147	720	774	139	131	73	22
812	13:31:00	47	84	467	101	851	143	697	785	140	132	73	21
813	13:32:00	46	81	449	104	850	139	674	795	139	131	73	20
814	13:33:00	45	79	431	107	849	133	655	803	138	131	73	20
815	13:34:00	45	77	415	109	849	129	636	810	137	130	72	20
816	13:35:00	44	76	399	110	849	128	620	815	138	131	85	21
817	13:36:00	44	76	383	111	848	131	604	820	138	132	83	21
818	13:37:00	43	77	368	111	847	132	591	817	136	133	99	21
819	13:38:00	43	79	351	111	846	135	613	822	133	135	96	21
820	13:39:00	42	83	335	111	845	149	596	828	127	135	92	21
821	13:40:00	41	89	321	111	845	166	583	834	122	136	88	21
822	13:41:00	40	119	310	112	844	189	568	839	115	138	84	21
823	13:42:00	39	152	301	112	844	215	555	842	109	142	81	21
824	13:43:00	38	182	291	111	844	251	547	842	102	149	78	21
825	13:44:00	37	209	282	110	844	276	592	844	97	154	75	20
826	13:45:00	36	233	278	109	844	304	630	843	93	155	81	20
827	13:46:00	35	254	275	108	844	345	663	842	88	154	78	20
828	13:47:00	33	272	275	108	843	371	691	838	84	151	76	20
829	13:48:00	32	260	302	109	842	390	715	836	79	147	74	19
830	13:49:00	31	277	320	111	841	392	737	837	75	142	72	18
831	13:50:00	30	262	324	113	842	405	760	835	72	138	72	17
832	13:51:00	30	253	326	117	842	416	779	837	71	134	72	16
833	13:52:00	30	238	342	123	840	427	794	839	70	130	76	15
834	13:53:00	30	252	361	127	840	448	809	841	68	127	78	14
835	13:54:00	30	264	368	128	840	461	819	844	65	124	81	13
836	13:55:00	31	275	353	128	839	461	829	848	64	121	88	12
837	13:56:00	31	269	339	127	838	463	837	852	64	121	90	11
838	13:57:00	32	276	333	126	838	465	843	854	63	120	91	11
839	13:58:00	34	285	328	125	838	490	846	855	63	120	91	11
840	13:59:00	37	293	321	122	838	496	848	851	63	119	107	11
841	14:00:00	39	300	315	119	838	508	853	849	62	119	121	11
842	14:01:00	40	306	310	116	837	509	855	847	61	118	133	10
843	14:02:00	41	312	308	114	835	511	857	845	61	117	144	9
844	14:03:00	42	318	306	112	834	513	863	842	62	116	152	9
845	14:04:00	42	303	306	110	832	517	841	840	66	114	148	9
846	14:05:00	42	310	310	110	831	517	812	838	70	112	146	8
847	14:06:00	42	319	313	110	830	515	817	836	71	111	142	8
848	14:07:00	41	318	311	111	829	510	818	836	72	109	139	8
849	14:08:00	40	301	310	113	829	511	823	837	72	108	136	9
850	14:09:00	39	287	309	112	828	522	827	837	71	107	141	9
851	14:10:00	38	286	304	110	828	528	830	838	72	104	149	9
852	14:11:00	36	286	301	108	829	534	831	838	75	102	156	9
853	14:12:00	35	272	297	105	827	537	835	838	80	99	158	8
854	14:13:00	33	265	293	102	827	540	840	837	83	98	164	8
855	14:14:00	32	276	285	99	827	538	845	836	84	97	168	8
856	14:15:00	30	286	277	97	828	550	853	834	84	95	172	7
857	14:16:00	29	295	268	95	827	554	856	832	82	92	167	7
858	14:17:00	28	303	259	93	827	570	851	830	80	89	157	7
859	14:18:00	26	315	248	91	826	571	851	829	79	87	148	6
860	14:19:00	25	317	238	90	825	569	851	829	79	84	139	6
861	14:20:00	25	305	231	90	823	567	852	786	81	83	131	5
862	14:21:00	24	292	227	90	822	563	852	757	87	82	125	5
863	14:22:00	23	284	227	91	820	575	853	759	92	80	118	5
864	14:23:00	23	279	233	92	820	586	839	757	96	78	113	5
865	14:24:00	23	283	247	93	819	599	779	764	97	75	108	4
866	14:25:00	22	294	248	93	819	664	789	760	96	73	105	4
867	14:26:00	21	303	245	94	819	715	797	766	96	71	105	4
868	14:27:00	21	313	244	95	818	749	804	770	95	71	104	3
869	14:28:00	20	323	255	98	816	768	813	771	95	72	111	3
870	14:29:00	19	332	263	100	816	782	821	771	96	74	119	3
871	14:30:00	18	342	268	101	816	796	831	750	98	73	125	3
872	14:31:00	18	352	273	101	814	811	838	755	101	73	131	2
873	14:32:00	17	361	291	100	813	763	845	759	101	71	136	3
874	14:33:00	16	368	296	98	812	752	853	762	101	70	140	2
875	14:34:00	16	372	304	96	810	767	859	763	98	69	143	3
876	14:35:00	15	374	320	93	809	778	836	765	95	69	145	2
877	14:36:00	15	374	320	90	807	726	792	766	93	69	147	2
878	14:37:00	14	373	318	87	806	682	790	767	91	69	148	3
879	14:38:00	13	368	317	85	805	647	771	766	88	69	150	2
880	14:39:00	12	341	314	83	805	647	725	766	86	70	151	2
881	14:40:00	12	314	308	81	803	676	695	766	85	70	154	2
882	14:41:00	11	288	299	78	801	699	663	766	83	68	155	2
883	14:42:00	11	263	295	77	799	720	635	767	81	66	157	2
884	14:43:00	11	241	295	76	797	737	635	766	79	65	157	2
885	14:44:00	10	220	292	78	795	750	660	757	76	64	159	2
886	14:45:00	10	201	288	79	793	719	679	761	74	63	160	2
887	14:46:00	10	184	282	82	791	704	694	758	73	63	158	1
888	14:47:00	10	169	276	84	790	725	705	756	71	63	158	1
889	14:48:00	10	155	269	87	789	731	716	740	70	63	158	1
890	14:49:00	10	142	262	90	788	747	727	727	69	63	158	1
891	14:50:00	10	130	256	93	788	711	733	703	69	65	157	1
892	14:51:00	10	119	252	95	786	685	739	687	69	66	156	1
893	14:52:00	10	109	248	96	785	670	732	697	69	68	153	1
894	14:53:00	10	100	243	96	785	695	739	688	69	70	151	1
895	14:54:00	10	93	243	97	783	717	746	699	69	72	147	1
896	14:55:00	10	86	244	99	783	722	747	706	70	74	139	1
897	14:56:00	10	80	241	101	781	734	749	710	70	76	130	1
898	14:57:00	10	75	240	104	780	754	753	716	70	78	125	1
899	14:58:00	9	70	241	105	779	771	757	719	69	80	123	1
900	14:59:00	9	65	238	105	779	775	763	716	68	83	121	0
901	15:00:00	9	62	229	104	779	787	757	719	67	87	119	0
902	15:01:00	10	59	221	104	778	800	762	721	67	91	117	0
903	15:02:00	10	57	215	105	777	814	752	722	68	93	115	0
904	15:03:00	10	55	210	104	777	794	752	725	70	94	112	0
905	15:04:00	10	54	205	104	776	812	700	727	73	94	110	0
906	15:05:00	10	53	200	103	775	798	660	730	77	93	108	0
907	15:06:00	10	52	195	102	774	766	624	732	79	91	106	0
908	15:07:00	10	52	192	101	773	726	591	734	78	88	103	0
909	15:08:00	10	51	188	98	772	751	612	735	75	86	101	0
910	15:09:00	10	51	184	95	771	772	629	736	72	84	99	0
911	15:10:00	10	52	179	92	770	763	606	736	69	83	97	0
912	15:11:00	10	52	172	89	768	783	625	735	67	82	95	0
913	15:12:00	10	52	166	86	767	804	616	734	65	82	93	0
914	15:13:00	10	52	160	84	766	769	596	723	64	81	91	0
915	15:14:00	10	51	156	83	765	726	562	722	66	79	89	0
916	15:15:00	10	51	153	81	764	695	584	721	67	78	87	0
917	15:16:00	10	50	149	78	762	728	606	720	70	77	86	0
918	15:17:00	10	49	145	76	761	749	623	719	71	76	84	0
919	15:18:00	10	48	141	74	760	765	638	717	71	76	82	0
920	15:19:00	10	46	138	71	758	773	651	715	70	76	81	0
921	15:20:00	10	45	135	69	755	780	661	714	69	76	79	0
922	15:21:00	11	44	131	67	753	789	672	714	69	76	78	0
923	15:22:00	11	43	126	65	750	797	682	712	69	74	76	0
924	15:23:00	12	42	122	62	748	747	688	712	69	73	74	0
925	15:24:00	12	42	119	60	746	755	696	710	68	72	73	0
926	15:25:00	12	42	114	58	744	774	703	708	68	72	71	0
927	15:26:00	13	43	110	57	742	732	709	707	69	72	69	0
928	15:27:00	13	43	106	56	739	752	714	705	69	72	67	0
929	15:28:00	13	56	105	56	738	706	709	703	70	71	65	0
930	15:29:00	13	70	103	56	737	671	698	702	71	71	63	0
931	15:30:00	13	83	101	55	735	641	702	701	73	72	61	0
932	15:31:00	13	94	99	55	734	609	703	701	75	73	59	0
933	15:32:00	13	104	97	54	732	578	706	701	76	73	57	0
934	15:33:00	13	113	95	54	731	549	711	700	75	73	54	0
935	15:34:00	13	120	93	54	729	521	713	700	73	72	52	0
936	15:35:00	12	127	89	54	727	493	714	700	72	72	49	0
937	15:36:00	12	133	85	54	725	466	718	702	70	71	46	0
938	15:37:00	12	138	81	55	723	444	720	704	68	70	43	0
939	15:38:00	11	143	77	55	719	429	719	707	66	69	40	0
940	15:39:00	11	146	73	55	717	472	722	712	63	68	37	0
941	15:40:00	11	149	69	55	714	467	724	719	60	66	35	0
942	15:41:00	10	151	66	55	711	521	724	724	56	64	33	0
943	15:42:00	11	153	63	55	709	544	725	734	53	63	30	0
944	15:43:00	11	154	60	55	706	583	726	746	49	62	28	0
945	15:44:00	11	155	56	55	704	615	724	753	46	61	27	0
946	15:45:00	11	156	53	56	701	581	721	769	43	60	25	0
947	15:46:00	11	156	50	57	698	612	721	768	41	59	24	0
948	15:47:00	10	156	47	57	695	625	720	761	39	59	22	0
949	15:48:00	10	156	44	58	693	589	715	748	37	60	21	0
950	15:49:00	10	156	42	57	690	553	714	712	36	60	20	0
951	15:50:00	10	155	40	57	688	581	713	673	36	61	19	0
952	15:51:00	10	155	38	57	687	605	711	638	35	62	18	0
953	15:52:00	10	153	36	57	686	625	711	606	35	63	17	0
954	15:53:00	10	151	35	57	684	641	710	611	35	65	16	0
955	15:54:00	10	147	33	58	683	655	703	593	34	68	15	0
956	15:55:00	10	142	32	58	682	667	657	574	33	72	14	0
957	15:56:00	10	137	30	57	680	676	622	562	31	74	14	0
958	15:57:00	10	132	29	57	679	685	628	554	31	77	13	0
959	15:58:00	10	128	28	57	677	694	631	546	31	79	12	0
960	15:59:00	9	124	27	57	676	703	638	543	31	81	11	0
961	16:00:00	9	120	26	57	673	709	646	564	32	82	11	0
962	16:01:00	9	117	26	56	671	716	648	579	31	81	10	0
963	16:02:00	9	115	26	55	670	716	652	596	32	78	9	0
964	16:03:00	9	113	26	55	668	722	653	592	34	73	9	0
965	16:04:00	8	112	26	54	665	726	656	577	36	68	8	0
966	16:05:00	8	110	26	53	663	729	658	587	37	62	7	0
967	16:06:00	8	108	26	53	661	732	658	573	39	56	7	0
968	16:07:00	8	103	25	52	659	734	659	589	39	51	6	0
969	16:08:00	7	99	25	51	655	736	660	616	40	47	6	0
970	16:09:00	7	94	24	51	645	735	660	642	41	43	5	0
971	16:10:00	6	91	24	51	630	734	658	665	42	40	5	0
972	16:11:00	6	87	24	50	619	733	623	685	43	37	4	0
973	16:12:00	6	83	24	50	612	732	623	701	45	35	4	0
974	16:13:00	5	80	23	49	611	732	627	713	46	34	3	0
975	16:14:00	5	77	23	48	614	731	632	699	48	32	3	0
976	16:15:00	4	74	23	47	616	731	633	668	49	31	3	0
977	16:16:00	4	73	23	46	618	732	635	656	50	30	2	0
978	16:17:00	4	71	23	45	619	736	637	632	51	29	2	0
979	16:18:00	3	70	23	44	620	740	614	616	52	29	2	0
980	16:19:00	3	69	23	44	621	734	612	619	53	29	2	0
981	16:20:00	3	67	23	43	621	683	613	599	53	28	2	0
982	16:21:00	3	65	24	42	621	692	608	605	54	27	1	0
983	16:22:00	2	63	24	41	621	688	610	610	54	27	1	0
984	16:23:00	2	61	26	40	620	638	612	600	54	26	1	0
985	16:24:00	2	58	28	39	620	592	614	605	53	25	1	0
986	16:25:00	2	56	28	39	619	551	611	603	53	25	1	0
987	16:26:00	2	54	29	38	618	517	612	606	52	24	1	0
988	16:27:00	2	53	30	37	616	505	611	605	51	23	1	0
989	16:28:00	1	51	32	37	614	481	609	602	50	23	1	0
990	16:29:00	1	49	34	38	613	463	611	602	50	22	1	0
991	16:30:00	1	48	34	37	611	444	610	578	49	22	1	0
992	16:31:00	1	46	35	37	610	423	608	560	47	22	0	0
993	16:32:00	1	45	36	37	609	403	608	562	46	22	0	0
994	16:33:00	1	44	37	37	607	384	607	564	44	23	0	0
995	16:34:00	1	42	37	36	606	367	606	566	44	23	0	0
996	16:35:00	1	41	37	36	603	358	605	568	44	24	0	0
997	16:36:00	1	40	38	35	599	350	604	569	44	24	0	0
998	16:37:00	1	38	38	34	597	343	604	571	45	24	0	0
999	16:38:00	0	37	38	34	595	336	605	575	45	24	0	0
1000	16:39:00	0	35	37	33	593	355	604	517	46	24	0	0
1001	16:40:00	0	34	37	32	590	397	603	466	47	24	0	0
1002	16:41:00	0	32	36	31	587	403	602	419	46	23	0	0
1003	16:42:00	0	31	36	31	583	401	603	377	46	22	0	0
1004	16:43:00	0	29	36	30	580	380	603	339	45	21	0	0
1005	16:44:00	0	28	36	29	577	377	602	306	45	20	0	0
1006	16:45:00	0	27	35	29	574	390	600	275	45	20	0	0
1007	16:46:00	0	26	35	28	572	422	599	247	45	19	0	0
1008	16:47:00	0	25	35	28	570	448	596	223	46	20	0	0
1009	16:48:00	0	23	35	28	567	468	590	200	47	20	0	0
1010	16:49:00	0	22	35	28	565	437	589	180	48	20	0	0
1011	16:50:00	0	22	34	28	563	406	588	162	49	20	0	0
1012	16:51:00	0	21	34	27	560	382	588	146	50	19	0	0
1013	16:52:00	0	20	33	27	559	360	586	132	51	18	0	0
1014	16:53:00	0	19	34	27	556	387	584	118	52	18	0	0
1015	16:54:00	0	18	34	27	554	414	583	107	52	17	0	0
1016	16:55:00	0	17	34	26	552	436	580	96	53	16	0	0
1017	16:56:00	0	16	35	26	550	456	579	86	54	16	0	0
1018	16:57:00	0	15	35	26	547	473	577	78	55	15	0	0
1019	16:58:00	0	14	35	26	545	450	575	70	54	15	0	0
1020	16:59:00	0	13	35	26	543	425	572	63	54	14	0	0
1021	17:00:00	0	12	36	25	541	398	571	57	54	14	0	0
1022	17:01:00	0	12	36	25	539	373	570	51	52	13	0	0
1023	17:02:00	0	11	37	25	537	401	569	46	50	13	0	0
1024	17:03:00	0	10	38	24	536	426	566	41	49	13	0	0
1025	17:04:00	0	10	38	25	534	399	564	37	47	12	0	0
1026	17:05:00	0	9	39	25	532	422	562	33	45	12	0	0
1027	17:06:00	0	9	40	26	530	396	560	30	44	11	0	0
1028	17:07:00	0	8	39	27	528	396	559	27	44	11	0	0
1029	17:08:00	0	8	39	27	527	417	556	24	43	10	0	0
1030	17:09:00	0	7	38	28	526	436	555	22	43	10	0	0
1031	17:10:00	0	7	37	29	524	453	553	20	42	9	0	0
1032	17:11:00	0	6	36	30	520	437	551	18	41	9	0	0
1033	17:12:00	0	6	36	30	517	449	548	16	40	8	0	0
1034	17:13:00	0	5	35	30	514	463	544	14	38	8	0	0
1035	17:14:00	0	5	35	30	509	475	540	13	37	7	0	0
1036	17:15:00	0	4	34	30	507	486	537	12	37	7	0	0
1037	17:16:00	0	4	33	29	504	454	535	10	37	7	0	0
1038	17:17:00	0	3	32	28	501	423	533	9	36	6	0	0
1039	17:18:00	0	3	31	28	499	395	530	8	35	6	0	0
1040	17:19:00	0	3	30	27	496	368	528	8	33	6	0	0
1041	17:20:00	0	2	28	27	494	345	527	7	32	6	0	0
1042	17:21:00	0	2	27	26	492	325	524	6	30	5	0	0
1043	17:22:00	0	2	26	25	485	309	522	6	29	5	0	0
1044	17:23:00	1	2	25	25	486	307	520	5	28	5	0	0
1045	17:24:00	1	2	23	24	486	334	519	5	27	5	0	0
1046	17:25:00	1	1	22	24	485	366	518	4	26	5	0	0
1047	17:26:00	1	1	21	24	481	373	515	4	26	5	0	0
1048	17:27:00	2	1	20	23	479	354	514	3	25	5	0	0
1049	17:28:00	2	1	19	23	475	333	512	3	25	5	0	0
1050	17:29:00	2	1	18	23	472	314	510	3	25	5	0	0
1051	17:30:00	2	1	17	22	469	295	508	2	24	6	0	0
1052	17:31:00	2	1	17	22	465	278	506	2	24	6	0	0
1053	17:32:00	2	1	16	22	462	262	503	2	24	6	0	0
1054	17:33:00	2	1	15	22	460	249	501	2	24	6	0	0
1055	17:34:00	3	1	15	22	458	240	499	2	23	7	0	0
1056	17:35:00	3	1	14	21	456	233	496	1	23	7	0	0
1057	17:36:00	3	0	14	20	455	228	493	1	22	7	0	0
1058	17:37:00	3	0	13	19	458	227	491	1	22	8	0	0
1059	17:38:00	3	0	13	19	465	231	489	1	21	8	0	0
1060	17:39:00	3	0	13	19	478	253	487	1	21	8	0	0
1061	17:40:00	3	0	13	19	488	252	484	1	21	8	0	0
1062	17:41:00	3	0	13	20	495	248	480	1	20	8	0	0
1063	17:42:00	3	0	13	20	493	244	477	1	20	8	0	0
1064	17:43:00	3	0	13	20	489	240	474	1	20	8	0	0
1065	17:44:00	3	0	13	20	487	235	471	1	19	8	0	0
1066	17:45:00	3	0	12	20	484	232	471	0	19	8	0	0
1067	17:46:00	3	0	12	20	478	233	472	0	19	8	0	0
1068	17:47:00	4	0	12	20	472	245	480	0	18	8	0	0
1069	17:48:00	3	0	12	20	465	283	492	0	18	8	0	0
1070	17:49:00	3	0	12	20	460	284	503	0	18	8	0	0
1071	17:50:00	3	0	11	20	455	285	509	0	17	8	0	0
1072	17:51:00	3	0	11	20	450	315	511	0	17	8	0	0
1073	17:52:00	3	0	11	20	445	325	506	0	17	8	0	0
1074	17:53:00	3	0	10	20	440	331	498	0	17	8	0	0
1075	17:54:00	3	0	10	20	435	350	492	0	16	8	0	0
1076	17:55:00	3	0	10	20	430	338	486	0	16	8	0	0
1077	17:56:00	3	0	9	20	427	356	479	0	16	7	0	0
1078	17:57:00	4	0	9	20	421	358	473	0	15	7	0	0
1079	17:58:00	4	0	8	20	416	373	468	0	15	7	0	0
1080	17:59:00	4	0	8	20	414	384	462	0	15	6	0	0
1081	18:00:00	4	0	7	20	411	392	457	0	14	6	0	0
1082	18:01:00	4	0	7	19	408	399	453	0	14	5	0	0
1083	18:02:00	4	0	6	19	404	389	449	0	14	5	0	0
1084	18:03:00	4	0	6	18	401	369	444	0	14	5	0	0
1085	18:04:00	4	0	5	18	398	361	439	0	14	5	0	0
1086	18:05:00	4	0	5	18	395	345	435	0	14	4	0	0
1087	18:06:00	4	0	5	18	393	325	432	0	14	4	0	0
1088	18:07:00	4	0	4	18	389	308	428	0	14	4	0	0
1089	18:08:00	4	0	4	18	385	296	424	9	14	4	0	0
1090	18:09:00	4	0	4	17	373	283	420	16	14	4	0	0
1091	18:10:00	4	0	3	17	347	272	416	42	14	3	0	0
1092	18:11:00	4	0	3	17	322	263	414	74	14	3	0	0
1093	18:12:00	4	0	3	17	301	255	411	101	14	3	0	0
1094	18:13:00	4	0	2	17	282	249	408	120	13	3	0	0
1095	18:14:00	4	0	2	16	268	244	404	129	13	3	0	0
1096	18:15:00	4	0	2	16	259	240	401	143	13	3	0	0
1097	18:16:00	4	0	2	16	245	235	397	161	13	3	0	0
1098	18:17:00	4	0	2	16	229	232	395	175	12	3	0	0
1099	18:18:00	4	0	1	16	215	230	392	182	12	2	0	0
1100	18:19:00	4	0	1	16	202	228	390	178	12	2	0	0
1101	18:20:00	4	0	1	15	190	228	387	184	11	2	0	0
1102	18:21:00	4	0	1	15	179	227	385	185	11	2	0	0
1103	18:22:00	4	0	1	15	169	224	382	191	10	2	0	0
1104	18:23:00	4	0	1	15	161	219	379	190	10	2	0	0
1105	18:24:00	4	0	1	14	154	215	376	182	10	2	0	0
1106	18:25:00	4	0	1	14	147	212	374	172	9	1	0	0
1107	18:26:00	4	0	1	14	142	208	369	161	9	1	0	0
1108	18:27:00	4	0	1	14	137	205	351	151	9	1	0	0
1109	18:28:00	4	0	1	13	133	201	324	142	8	1	0	0
1110	18:29:00	4	0	0	13	130	194	298	133	8	1	0	0
1111	18:30:00	5	0	0	13	128	187	273	126	8	1	0	0
1112	18:31:00	5	0	0	12	126	178	252	118	8	1	0	0
1113	18:32:00	5	0	0	12	125	169	233	112	8	1	0	0
1114	18:33:00	5	0	0	12	125	161	215	106	8	1	0	0
1115	18:34:00	5	0	0	12	125	154	198	100	8	1	0	0
1116	18:35:00	5	0	0	11	125	149	183	95	7	1	0	0
1117	18:36:00	5	0	0	11	126	156	170	90	7	0	0	0
1118	18:37:00	5	0	0	11	126	173	158	86	7	0	0	0
1119	18:38:00	5	0	0	10	125	191	148	82	6	0	0	0
1120	18:39:00	5	0	0	10	124	206	141	78	6	0	0	0
1121	18:40:00	5	0	0	10	123	216	141	75	6	0	0	0
1122	18:41:00	5	0	0	10	123	228	151	73	5	0	0	0
1123	18:42:00	5	0	0	10	122	239	165	71	5	0	0	0
1124	18:43:00	5	0	0	9	123	248	179	69	5	0	0	0
1125	18:44:00	5	0	0	9	124	256	192	67	5	0	0	0
1126	18:45:00	5	0	0	9	124	265	204	65	5	0	0	0
1127	18:46:00	5	0	0	9	125	262	213	63	5	0	0	0
1128	18:47:00	5	0	0	9	125	268	221	62	4	0	0	0
1129	18:48:00	5	0	0	9	126	275	229	60	4	0	0	0
1130	18:49:00	5	0	0	9	127	282	236	59	4	0	0	0
1131	18:50:00	5	0	0	9	128	286	241	58	4	0	0	0
1132	18:51:00	5	0	0	9	128	287	245	57	4	0	0	0
1133	18:52:00	5	0	0	9	128	270	249	55	3	0	0	0
1134	18:53:00	5	0	0	9	128	253	252	54	3	0	0	0
1135	18:54:00	5	0	0	8	128	239	254	53	3	0	0	0
1136	18:55:00	5	0	0	8	129	227	255	52	3	0	0	0
1137	18:56:00	5	0	0	8	129	218	257	52	3	0	0	0
1138	18:57:00	5	0	0	8	128	207	258	52	3	0	0	0
1139	18:58:00	5	0	0	8	126	199	259	55	4	0	0	0
1140	18:59:00	5	0	0	8	125	190	260	59	4	0	0	0
1141	19:00:00	5	0	0	8	123	181	260	64	4	0	0	0
1142	19:01:00	4	0	0	7	120	173	259	70	4	0	0	0
1143	19:02:00	4	0	0	7	118	167	259	76	4	0	0	0
1144	19:03:00	4	0	0	7	116	161	258	84	4	0	0	0
1145	19:04:00	4	0	0	7	113	155	257	92	4	0	0	0
1146	19:05:00	4	0	0	6	111	151	257	99	4	0	0	0
1147	19:06:00	4	0	0	6	109	148	256	106	4	0	0	0
1148	19:07:00	4	0	0	6	105	146	253	113	3	0	0	0
1149	19:08:00	4	0	0	6	103	145	251	118	3	0	0	0
1150	19:09:00	4	0	0	6	100	144	251	123	3	0	0	0
1151	19:10:00	4	0	0	5	97	144	248	128	3	0	0	0
1152	19:11:00	4	0	0	5	95	141	247	132	2	0	0	0
1153	19:12:00	3	0	0	5	92	139	246	136	2	0	0	0
1154	19:13:00	3	0	0	5	91	136	243	139	2	0	0	0
1155	19:14:00	3	0	0	4	90	134	241	142	2	0	0	0
1156	19:15:00	3	0	0	4	89	132	240	144	2	0	0	0
1157	19:16:00	3	0	0	4	88	130	237	145	2	0	0	0
1158	19:17:00	3	0	0	4	88	128	235	146	1	0	0	0
1159	19:18:00	2	0	0	4	87	125	234	147	1	0	0	0
1160	19:19:00	2	0	0	4	86	123	231	149	1	0	0	0
1161	19:20:00	2	0	0	3	85	120	228	149	1	0	0	0
1162	19:21:00	2	0	0	3	84	116	226	150	1	0	0	0
1163	19:22:00	2	0	0	3	84	113	224	151	1	0	0	0
1164	19:23:00	2	0	0	3	83	111	222	153	1	0	0	0
1165	19:24:00	1	0	0	3	82	117	220	155	1	0	0	0
1166	19:25:00	1	0	0	3	81	117	217	156	1	0	0	0
1167	19:26:00	1	0	0	3	80	114	215	157	1	0	0	0
1168	19:27:00	1	0	0	3	79	110	213	159	1	0	0	0
1169	19:28:00	1	0	0	3	78	107	211	160	0	0	0	0
1170	19:29:00	1	0	0	3	76	103	208	161	0	0	0	0
1171	19:30:00	1	0	0	3	75	98	206	161	0	0	0	0
1172	19:31:00	1	0	0	3	74	95	203	162	0	0	0	0
1173	19:32:00	1	0	0	3	72	92	201	162	0	0	0	0
1174	19:33:00	1	0	0	2	71	89	198	162	0	0	0	0
1175	19:34:00	1	0	0	2	69	88	194	161	0	0	0	0
1176	19:35:00	0	0	0	2	69	87	192	160	0	0	0	0
1177	19:36:00	0	0	0	2	67	85	190	159	0	0	0	0
1178	19:37:00	0	0	0	2	66	85	187	158	0	0	0	0
1179	19:38:00	0	0	0	2	65	84	185	156	0	0	0	0
1180	19:39:00	0	0	0	2	64	83	182	155	0	0	0	0
1181	19:40:00	0	0	0	2	62	82	180	154	0	0	0	0
1182	19:41:00	0	0	0	2	61	79	178	152	0	0	0	0
1183	19:42:00	0	0	0	2	59	77	176	150	0	0	0	0
1184	19:43:00	0	0	0	2	56	74	173	148	0	0	0	0
1185	19:44:00	0	0	0	1	55	72	170	146	0	0	0	0
1186	19:45:00	0	0	0	1	54	68	167	144	0	0	0	0
1187	19:46:00	0	0	0	1	53	65	164	141	0	0	0	0
1188	19:47:00	0	0	0	1	52	62	162	138	0	0	0	0
1189	19:48:00	0	0	0	1	50	59	160	134	0	0	0	0
1190	19:49:00	0	0	0	1	49	56	158	131	0	0	0	0
1191	19:50:00	0	0	0	1	48	55	155	128	0	0	0	0
1192	19:51:00	0	0	0	1	47	53	151	124	0	0	0	0
1193	19:52:00	0	0	0	1	47	52	149	120	0	0	0	0
1194	19:53:00	0	0	0	1	46	53	146	117	0	0	0	0
1195	19:54:00	0	0	0	1	45	55	143	113	0	0	0	0
1196	19:55:00	0	0	0	1	44	56	140	109	0	0	0	0
1197	19:56:00	0	0	0	1	43	58	139	98	0	0	0	0
1198	19:57:00	0	0	0	1	42	59	135	95	0	0	0	0
1199	19:58:00	0	0	0	1	42	60	132	93	0	0	0	0
1200	19:59:00	0	0	0	0	42	60	129	91	0	0	0	0
1201	20:00:00	0	0	0	0	41	59	127	87	0	0	0	0
1202	20:01:00	0	0	0	0	40	59	124	85	0	0	0	0
1203	20:02:00	0	0	0	0	39	57	122	82	0	0	0	0
1204	20:03:00	0	0	0	0	38	56	119	79	0	0	0	0
1205	20:04:00	0	0	0	0	38	55	116	71	0	0	0	0
1206	20:05:00	0	0	0	0	37	53	113	64	0	0	0	0
1207	20:06:00	0	0	0	0	37	53	111	58	0	0	0	0
1208	20:07:00	0	0	0	0	35	53	110	52	0	0	0	0
1209	20:08:00	0	0	0	0	35	52	109	51	0	0	0	0
1210	20:09:00	0	0	0	0	33	52	107	50	0	0	0	0
1211	20:10:00	0	0	0	0	32	53	105	49	0	0	0	0
1212	20:11:00	0	0	0	0	31	54	104	48	0	0	0	0
1213	20:12:00	0	0	0	0	30	58	102	47	0	0	0	0
1214	20:13:00	0	0	0	0	29	59	101	42	0	0	0	0
1215	20:14:00	0	0	0	0	28	60	99	38	0	0	0	0
1216	20:15:00	0	0	0	0	28	62	96	35	0	0	0	0
1217	20:16:00	0	0	0	0	28	62	94	33	0	0	0	0
1218	20:17:00	0	0	0	0	28	62	93	30	0	0	0	0
1219	20:18:00	0	0	0	0	27	61	90	27	0	0	0	0
1220	20:19:00	0	0	0	0	27	60	89	24	0	0	0	0
1221	20:20:00	0	0	0	0	26	60	88	22	0	0	0	0
1222	20:21:00	0	0	0	0	25	60	86	20	0	0	0	0
1223	20:22:00	0	0	0	0	24	60	84	19	0	0	0	0
1224	20:23:00	0	0	0	0	24	60	82	17	0	0	0	0
1225	20:24:00	0	0	0	0	22	60	80	17	0	0	0	0
1226	20:25:00	0	0	0	0	21	60	78	16	0	0	0	0
1227	20:26:00	0	0	0	0	20	59	76	15	0	0	0	0
1228	20:27:00	0	0	0	0	20	58	74	15	0	0	0	0
1229	20:28:00	0	0	0	0	20	57	72	14	0	0	0	0
1230	20:29:00	0	0	0	0	18	56	70	14	0	0	0	0
1231	20:30:00	0	0	0	0	17	55	68	13	0	0	0	0
1232	20:31:00	0	0	0	0	17	54	67	12	0	0	0	0
1233	20:32:00	0	0	0	0	16	52	64	12	0	0	0	0
1234	20:33:00	0	0	0	0	16	51	62	11	0	0	0	0
1235	20:34:00	0	0	0	0	15	50	61	11	0	0	0	0
1236	20:35:00	0	0	0	0	15	48	58	10	0	0	0	0
1237	20:36:00	0	0	0	0	15	47	55	10	0	0	0	0
1238	20:37:00	0	0	0	0	14	46	52	9	0	0	0	0
1239	20:38:00	0	0	0	0	12	44	48	9	0	0	0	0
1240	20:39:00	0	0	0	0	12	42	45	9	0	0	0	0
1241	20:40:00	0	0	0	0	12	40	42	8	0	0	0	0
1242	20:41:00	0	0	0	0	11	40	40	8	0	0	0	0
1243	20:42:00	0	0	0	0	11	39	37	8	0	0	0	0
1244	20:43:00	0	0	0	0	11	38	36	7	0	0	0	0
1245	20:44:00	0	0	0	0	10	37	33	7	0	0	0	0
1246	20:45:00	0	0	0	0	9	36	32	7	0	0	0	0
1247	20:46:00	0	0	0	0	9	35	31	6	0	0	0	0
1248	20:47:00	0	0	0	0	9	34	30	6	0	0	0	0
1249	20:48:00	0	0	0	0	8	33	29	6	0	0	0	0
1250	20:49:00	0	0	0	0	8	33	28	5	0	0	0	0
1251	20:50:00	0	0	0	0	8	32	27	5	0	0	0	0
1252	20:51:00	0	0	0	0	7	30	25	5	0	0	0	0
1253	20:52:00	0	0	0	0	7	29	25	5	0	0	0	0
1254	20:53:00	0	0	0	0	7	28	23	4	0	0	0	0
1255	20:54:00	0	0	0	0	6	27	22	4	0	0	0	0
1256	20:55:00	0	0	0	0	6	27	20	4	0	0	0	0
1257	20:56:00	0	0	0	0	6	26	20	4	0	0	0	0
1258	20:57:00	0	0	0	0	6	25	19	4	0	0	0	0
1259	20:58:00	0	0	0	0	6	24	18	3	0	0	0	0
1260	20:59:00	0	0	0	0	5	23	16	3	0	0	0	0
1261	21:00:00	0	0	0	0	5	23	16	3	0	0	0	0
1262	21:01:00	0	0	0	0	5	22	15	3	0	0	0	0
1263	21:02:00	0	0	0	0	5	22	14	3	0	0	0	0
1264	21:03:00	0	0	0	0	5	21	13	3	0	0	0	0
1265	21:04:00	0	0	0	0	5	21	12	2	0	0	0	0
1266	21:05:00	0	0	0	0	4	20	11	2	0	0	0	0
1267	21:06:00	0	0	0	0	4	19	10	2	0	0	0	0
1268	21:07:00	0	0	0	0	4	18	10	2	0	0	0	0
1269	21:08:00	0	0	0	0	3	17	10	2	0	0	0	0
1270	21:09:00	0	0	0	0	3	16	10	2	0	0	0	0
1271	21:10:00	0	0	0	0	3	15	10	2	0	0	0	0
1272	21:11:00	0	0	0	0	3	15	10	2	0	0	0	0
1273	21:12:00	0	0	0	0	3	14	9	2	0	0	0	0
1274	21:13:00	0	0	0	0	3	12	9	2	0	0	0	0
1275	21:14:00	0	0	0	0	3	11	9	1	0	0	0	0
1276	21:15:00	0	0	0	0	3	11	9	1	0	0	0	0
1277	21:16:00	0	0	0	0	3	11	8	1	0	0	0	0
1278	21:17:00	0	0	0	0	3	10	8	1	0	0	0	0
1279	21:18:00	0	0	0	0	3	10	8	1	0	0	0	0
1280	21:19:00	0	0	0	0	3	9	7	1	0	0	0	0
1281	21:20:00	0	0	0	0	3	8	7	1	0	0	0	0
1282	21:21:00	0	0	0	0	2	8	7	1	0	0	0	0
1283	21:22:00	0	0	0	0	3	8	7	1	0	0	0	0
1284	21:23:00	0	0	0	0	3	7	7	1	0	0	0	0
1285	21:24:00	0	0	0	0	3	7	6	1	0	0	0	0
1286	21:25:00	0	0	0	0	3	7	6	1	0	0	0	0
1287	21:26:00	0	0	0	0	3	6	6	1	0	0	0	0
1288	21:27:00	0	0	0	0	3	6	6	1	0	0	0	0
1289	21:28:00	0	0	0	0	2	6	6	1	0	0	0	0
1290	21:29:00	0	0	0	0	3	6	5	1	0	0	0	0
1291	21:30:00	0	0	0	0	2	5	5	1	0	0	0	0
1292	21:31:00	0	0	0	0	2	5	5	1	0	0	0	0
1293	21:32:00	0	0	0	0	2	5	5	1	0	0	0	0
1294	21:33:00	0	0	0	0	2	5	5	1	0	0	0	0
1295	21:34:00	0	0	0	0	3	5	4	1	0	0	0	0
1296	21:35:00	0	0	0	0	3	5	4	1	0	0	0	0
1297	21:36:00	0	0	0	0	3	5	4	1	0	0	0	0
1298	21:37:00	0	0	0	0	3	4	4	1	0	0	0	0
1299	21:38:00	0	0	0	0	3	4	3	1	0	0	0	0
1300	21:39:00	0	0	0	0	3	4	3	1	0	0	0	0
1301	21:40:00	0	0	0	0	2	4	3	1	0	0	0	0
1302	21:41:00	0	0	0	0	3	4	3	1	0	0	0	0
1303	21:42:00	0	0	0	0	3	4	3	1	0	0	0	0
1304	21:43:00	0	0	0	0	3	4	3	1	0	0	0	0
1305	21:44:00	0	0	0	0	3	4	3	1	0	0	0	0
1306	21:45:00	0	0	0	0	3	4	3	1	0	0	0	0
1307	21:46:00	0	0	0	0	3	4	3	1	0	0	0	0
1308	21:47:00	0	0	0	0	3	4	3	0	0	0	0	0
1309	21:48:00	0	0	0	0	3	4	3	0	0	0	0	0
1310	21:49:00	0	0	0	0	3	4	3	0	0	0	0	0
1311	21:50:00	0	0	0	0	3	4	3	0	0	0	0	0
1312	21:51:00	0	0	0	0	3	3	3	0	0	0	0	0
1313	21:52:00	0	0	0	0	2	3	3	0	0	0	0	0
1314	21:53:00	0	0	0	0	2	3	3	0	0	0	0	0
1315	21:54:00	0	0	0	0	3	3	3	0	0	0	0	0
1316	21:55:00	0	0	0	0	3	3	3	0	0	0	0	0
1317	21:56:00	0	0	0	0	3	3	2	0	0	0	0	0
1318	21:57:00	0	0	0	0	3	3	3	0	0	0	0	0
1319	21:58:00	0	0	0	0	3	3	3	0	0	0	0	0
1320	21:59:00	0	0	0	0	3	3	3	0	0	0	0	0
1321	22:00:00	0	0	0	0	2	3	2	0	0	0	0	0
1322	22:01:00	0	0	0	0	3	3	2	0	0	0	0	0
1323	22:02:00	0	0	0	0	3	3	2	0	0	0	0	0
1324	22:03:00	0	0	0	0	3	3	2	0	0	0	0	0
1325	22:04:00	0	0	0	0	2	3	2	0	0	0	0	0
1326	22:05:00	0	0	0	0	2	3	2	0	0	0	0	0
1327	22:06:00	0	0	0	0	2	3	2	0	0	0	0	0
1328	22:07:00	0	0	0	0	2	3	2	0	0	0	0	0
1329	22:08:00	0	0	0	0	2	3	2	0	0	0	0	0
1330	22:09:00	0	0	0	0	2	3	2	0	0	0	0	0
1331	22:10:00	0	0	0	0	2	3	2	0	0	0	0	0
1332	22:11:00	0	0	0	0	2	3	2	0	0	0	0	0
1333	22:12:00	0	0	0	0	2	3	2	0	0	0	0	0
1334	22:13:00	0	0	0	0	2	3	2	0	0	0	0	0
1335	22:14:00	0	0	0	0	2	3	2	0	0	0	0	0
1336	22:15:00	0	0	0	0	2	3	2	1	0	0	0	0
1337	22:16:00	0	0	0	0	2	3	2	0	0	0	0	0
1338	22:17:00	0	0	0	0	2	3	2	0	0	0	0	0
1339	22:18:00	0	0	0	0	2	3	2	0	0	0	0	0
1340	22:19:00	0	0	0	0	2	3	2	0	0	0	0	0
1341	22:20:00	0	0	0	0	2	3	2	0	0	0	0	0
1342	22:21:00	0	0	0	0	2	3	2	0	0	0	0	0
1343	22:22:00	0	0	0	0	2	3	2	0	0	0	0	0
1344	22:23:00	0	0	0	0	2	3	2	0	0	0	0	0
1345	22:24:00	0	0	0	0	2	3	2	1	0	0	0	0
1346	22:25:00	0	0	0	0	2	3	2	1	0	0	0	0
1347	22:26:00	0	0	0	0	2	3	2	1	0	0	0	0
1348	22:27:00	0	0	0	0	2	3	2	1	0	0	0	0
1349	22:28:00	0	0	0	0	2	3	2	1	0	0	0	0
1350	22:29:00	0	0	0	0	2	3	2	0	0	0	0	0
1351	22:30:00	0	0	0	0	2	3	2	0	0	0	0	0
1352	22:31:00	0	0	0	0	2	3	2	1	0	0	0	0
1353	22:32:00	0	0	0	0	2	3	2	1	0	0	0	0
1354	22:33:00	0	0	0	0	2	3	2	1	0	0	0	0
1355	22:34:00	0	0	0	0	2	3	2	1	0	0	0	0
1356	22:35:00	0	0	0	0	3	3	2	1	0	0	0	0
1357	22:36:00	0	0	0	0	3	3	2	1	0	0	0	0
1358	22:37:00	0	0	0	0	3	3	2	1	0	0	0	0
1359	22:38:00	0	0	0	0	2	2	2	1	0	0	0	0
1360	22:39:00	0	0	0	0	2	3	2	1	0	0	0	0
1361	22:40:00	0	0	0	0	2	3	2	1	0	0	0	0
1362	22:41:00	0	0	0	0	3	3	2	1	0	0	0	0
1363	22:42:00	0	0	0	0	3	3	2	1	0	0	0	0
1364	22:43:00	0	0	0	0	3	3	2	1	0	0	0	0
1365	22:44:00	0	0	0	0	3	2	2	1	0	0	0	0
1366	22:45:00	0	0	0	0	3	2	2	1	0	0	0	0
1367	22:46:00	0	0	0	0	3	2	2	1	0	0	0	0
1368	22:47:00	0	0	0	0	3	2	2	1	0	0	0	0
1369	22:48:00	0	0	0	0	3	2	2	1	0	0	0	0
1370	22:49:00	0	0	0	0	3	2	2	1	0	0	0	0
1371	22:50:00	0	0	0	0	3	2	2	1	0	0	0	0
1372	22:51:00	0	0	0	0	3	2	2	1	0	0	0	0
1373	22:52:00	0	0	0	0	3	2	2	1	0	0	0	0
1374	22:53:00	0	0	0	0	3	2	2	1	0	0	0	0
1375	22:54:00	0	0	0	0	3	2	2	0	0	0	0	0
1376	22:55:00	0	0	0	0	3	2	2	0	0	0	0	0
1377	22:56:00	0	0	0	0	3	2	2	0	0	0	0	0
1378	22:57:00	1	0	0	0	3	2	2	0	0	0	0	0
1379	22:58:00	1	0	0	0	3	2	2	0	0	0	0	0
1380	22:59:00	1	0	0	0	3	2	2	0	0	0	0	0
1381	23:00:00	1	0	0	0	3	2	2	0	0	0	0	0
1382	23:01:00	1	0	0	0	3	2	2	0	0	0	0	0
1383	23:02:00	1	0	0	0	3	2	2	0	0	0	0	0
1384	23:03:00	1	0	0	0	3	2	2	0	0	0	0	0
1385	23:04:00	1	0	0	0	3	2	2	0	0	0	0	0
1386	23:05:00	1	0	0	0	3	2	2	0	0	0	0	0
1387	23:06:00	2	0	0	0	3	2	2	0	0	0	0	0
1388	23:07:00	2	0	0	0	3	2	2	0	0	0	0	0
1389	23:08:00	2	0	0	0	3	2	2	0	0	0	0	0
1390	23:09:00	1	0	0	0	3	2	2	0	0	0	0	0
1391	23:10:00	1	0	0	0	3	2	2	0	0	0	0	0
1392	23:11:00	1	0	0	0	3	2	2	0	0	0	0	0
1393	23:12:00	1	0	0	0	3	2	2	0	0	0	0	0
1394	23:13:00	1	0	0	0	3	2	2	0	0	0	0	0
1395	23:14:00	1	0	0	0	3	2	2	0	0	0	0	0
1396	23:15:00	1	0	0	0	3	2	2	0	0	0	0	0
1397	23:16:00	1	0	0	0	3	3	2	0	0	0	0	0
1398	23:17:00	1	0	0	0	3	3	2	0	0	0	0	0
1399	23:18:00	2	0	0	0	3	3	2	0	0	0	0	0
1400	23:19:00	2	0	0	0	3	3	2	0	0	0	0	0
1401	23:20:00	2	0	0	0	3	3	2	0	0	0	0	0
1402	23:21:00	2	0	0	0	3	2	2	0	0	0	0	0
1403	23:22:00	1	0	0	0	3	3	2	0	0	0	0	0
1404	23:23:00	1	0	0	0	3	3	2	0	0	0	0	0
1405	23:24:00	1	0	0	0	3	2	2	0	0	0	0	0
1406	23:25:00	2	0	0	0	3	2	2	0	0	0	0	0
1407	23:26:00	2	0	0	0	3	2	2	0	0	0	0	0
1408	23:27:00	2	0	0	0	3	2	2	0	0	0	0	0
1409	23:28:00	2	0	0	0	3	2	2	0	0	0	0	0
1410	23:29:00	1	0	0	0	3	2	2	0	0	0	0	0
1411	23:30:00	1	0	0	0	3	2	2	0	0	0	0	0
1412	23:31:00	1	0	0	0	2	2	2	0	0	0	0	0
1413	23:32:00	1	0	0	0	2	2	2	0	0	0	0	0
1414	23:33:00	1	0	0	0	3	3	2	0	0	0	0	0
1415	23:34:00	1	0	0	0	3	3	2	0	0	0	0	0
1416	23:35:00	1	0	0	0	3	3	2	0	0	0	0	0
1417	23:36:00	1	0	0	0	3	3	2	0	0	0	0	0
1418	23:37:00	1	0	0	0	3	3	2	0	0	0	0	0
1419	23:38:00	1	0	0	0	3	3	2	0	0	0	0	0
1420	23:39:00	1	0	0	0	3	2	2	0	0	0	0	0
1421	23:40:00	1	0	0	0	3	3	2	0	0	0	0	0
1422	23:41:00	1	0	0	0	3	3	2	0	0	0	0	0
1423	23:42:00	1	0	0	0	3	3	2	0	0	0	0	0
1424	23:43:00	1	0	0	0	3	3	2	0	0	0	0	0
1425	23:44:00	0	0	0	0	3	3	2	0	0	0	0	0
1426	23:45:00	0	0	0	0	3	3	2	0	0	0	0	0
1427	23:46:00	0	0	0	0	3	3	2	0	0	0	0	0
1428	23:47:00	0	0	0	0	3	3	2	0	0	0	0	0
1429	23:48:00	0	0	0	0	3	3	2	0	0	0	0	0
1430	23:49:00	0	0	0	0	3	3	2	0	0	0	0	0
1431	23:50:00	0	0	0	0	3	3	2	0	0	0	0	0
1432	23:51:00	0	0	0	0	3	3	2	0	0	0	0	0
1433	23:52:00	0	0	0	0	3	3	2	0	0	0	0	0
1434	23:53:00	0	0	0	0	3	3	2	0	0	0	0	0
1435	23:54:00	0	0	0	0	3	3	2	0	0	0	0	0
1436	23:55:00	0	0	0	0	3	3	2	0	0	0	0	0
1437	23:56:00	0	0	0	0	3	3	2	0	0	0	0	0
1438	23:57:00	0	0	0	0	3	3	2	0	0	0	0	0
1439	23:58:00	0	0	0	0	3	3	2	0	0	0	0	0
1440	23:59:00	0	0	0	0	3	3	2	0	0	0	0	0
