#tpm4_we.dat - Based on 'occ_start_states' tab in CREST Domestic Electricity Demand Model 1.0d by Ian Richardson http://homepages.lboro.ac.uk/~eliwr/
Columns tab delimited - Data starts on line 23 of file.

Active Occupancy Model

Transition Probability Matrix

Four resident house
Weekend

Col 0 - Ten minute period number
Col 1 - Active occupant count in time period
Col 2 - Probability of transition to zero active occupants in next time period
Col 3 - Probability of transition to one active occupant in next time period
Col 4 - Probability of transition to two active occupants in next time period
Col 5 - Probability of transition to three active occupants in next time period
Col 6 - Probability of transition to four active occupants in next time period
Col 7 - Probability of transition to five active occupants in next time period
Col 8 - Probability of transition to six active occupants in next time period



1	0	0.973	0.017	0.010	0.000	0.000	0.000	0.000
1	1	0.239	0.728	0.033	0.000	0.000	0.000	0.000
1	2	0.122	0.317	0.512	0.049	0.000	0.000	0.000
1	3	0.143	0.286	0.000	0.571	0.000	0.000	0.000
1	4	0.000	0.000	0.000	0.000	1.000	0.000	0.000
1	5	0.000	0.000	0.000	0.000	0.000	0.000	0.000
1	6	0.000	0.000	0.000	0.000	0.000	0.000	0.000
2	0	0.984	0.013	0.003	0.000	0.000	0.000	0.000
2	1	0.126	0.851	0.023	0.000	0.000	0.000	0.000
2	2	0.037	0.296	0.630	0.037	0.000	0.000	0.000
2	3	0.000	0.167	0.167	0.667	0.000	0.000	0.000
2	4	0.000	0.000	0.000	0.250	0.750	0.000	0.000
2	5	0.000	0.000	0.000	0.000	0.000	0.000	0.000
2	6	0.000	0.000	0.000	0.000	0.000	0.000	0.000
3	0	0.994	0.006	0.000	0.000	0.000	0.000	0.000
3	1	0.207	0.770	0.023	0.000	0.000	0.000	0.000
3	2	0.143	0.095	0.762	0.000	0.000	0.000	0.000
3	3	0.000	0.000	0.333	0.500	0.167	0.000	0.000
3	4	0.000	0.000	0.000	0.333	0.667	0.000	0.000
3	5	0.000	0.000	0.000	0.000	0.000	0.000	0.000
3	6	0.000	0.000	0.000	0.000	0.000	0.000	0.000
4	0	0.997	0.003	0.000	0.000	0.000	0.000	0.000
4	1	0.141	0.859	0.000	0.000	0.000	0.000	0.000
4	2	0.000	0.350	0.650	0.000	0.000	0.000	0.000
4	3	0.000	0.000	0.250	0.750	0.000	0.000	0.000
4	4	0.000	0.000	0.000	0.333	0.667	0.000	0.000
4	5	0.000	0.000	0.000	0.000	0.000	0.000	0.000
4	6	0.000	0.000	0.000	0.000	0.000	0.000	0.000
5	0	0.986	0.014	0.000	0.000	0.000	0.000	0.000
5	1	0.159	0.812	0.029	0.000	0.000	0.000	0.000
5	2	0.071	0.214	0.643	0.071	0.000	0.000	0.000
5	3	0.000	0.000	0.750	0.250	0.000	0.000	0.000
5	4	0.000	0.000	0.000	0.500	0.500	0.000	0.000
5	5	0.000	0.000	0.000	0.000	0.000	0.000	0.000
5	6	0.000	0.000	0.000	0.000	0.000	0.000	0.000
6	0	0.992	0.008	0.000	0.000	0.000	0.000	0.000
6	1	0.516	0.484	0.000	0.000	0.000	0.000	0.000
6	2	0.214	0.214	0.571	0.000	0.000	0.000	0.000
6	3	0.000	0.000	0.333	0.333	0.333	0.000	0.000
6	4	0.000	0.000	0.000	1.000	0.000	0.000	0.000
6	5	0.000	0.000	0.000	0.000	0.000	0.000	0.000
6	6	0.000	0.000	0.000	0.000	0.000	0.000	0.000
7	0	0.987	0.010	0.003	0.000	0.000	0.000	0.000
7	1	0.162	0.838	0.000	0.000	0.000	0.000	0.000
7	2	0.000	0.111	0.889	0.000	0.000	0.000	0.000
7	3	0.000	0.000	0.000	1.000	0.000	0.000	0.000
7	4	0.000	0.000	0.000	1.000	0.000	0.000	0.000
7	5	0.000	0.000	0.000	0.000	0.000	0.000	0.000
7	6	0.000	0.000	0.000	0.000	0.000	0.000	0.000
8	0	0.990	0.010	0.000	0.000	0.000	0.000	0.000
8	1	0.111	0.861	0.028	0.000	0.000	0.000	0.000
8	2	0.111	0.111	0.778	0.000	0.000	0.000	0.000
8	3	0.000	0.000	0.000	1.000	0.000	0.000	0.000
8	4	0.000	0.000	0.000	0.000	0.000	0.000	0.000
8	5	0.000	0.000	0.000	0.000	0.000	0.000	0.000
8	6	0.000	0.000	0.000	0.000	0.000	0.000	0.000
9	0	0.997	0.003	0.000	0.000	0.000	0.000	0.000
9	1	0.111	0.861	0.028	0.000	0.000	0.000	0.000
9	2	0.000	0.125	0.875	0.000	0.000	0.000	0.000
9	3	0.000	0.000	0.000	1.000	0.000	0.000	0.000
9	4	0.000	0.000	0.000	0.000	0.000	0.000	0.000
9	5	0.000	0.000	0.000	0.000	0.000	0.000	0.000
9	6	0.000	0.000	0.000	0.000	0.000	0.000	0.000
10	0	0.993	0.008	0.000	0.000	0.000	0.000	0.000
10	1	0.212	0.788	0.000	0.000	0.000	0.000	0.000
10	2	0.000	0.375	0.625	0.000	0.000	0.000	0.000
10	3	0.000	0.000	0.000	1.000	0.000	0.000	0.000
10	4	0.000	0.000	0.000	0.000	0.000	0.000	0.000
10	5	0.000	0.000	0.000	0.000	0.000	0.000	0.000
10	6	0.000	0.000	0.000	0.000	0.000	0.000	0.000
11	0	1.000	0.000	0.000	0.000	0.000	0.000	0.000
11	1	0.219	0.781	0.000	0.000	0.000	0.000	0.000
11	2	0.000	0.000	1.000	0.000	0.000	0.000	0.000
11	3	0.000	0.333	0.667	0.000	0.000	0.000	0.000
11	4	0.000	0.000	0.000	0.000	0.000	0.000	0.000
11	5	0.000	0.000	0.000	0.000	0.000	0.000	0.000
11	6	0.000	0.000	0.000	0.000	0.000	0.000	0.000
12	0	0.993	0.007	0.000	0.000	0.000	0.000	0.000
12	1	0.231	0.769	0.000	0.000	0.000	0.000	0.000
12	2	0.000	0.429	0.571	0.000	0.000	0.000	0.000
12	3	0.000	0.000	0.000	0.000	0.000	0.000	0.000
12	4	0.000	0.000	0.000	0.000	0.000	0.000	0.000
12	5	0.000	0.000	0.000	0.000	0.000	0.000	0.000
12	6	0.000	0.000	0.000	0.000	0.000	0.000	0.000
13	0	0.988	0.012	0.000	0.000	0.000	0.000	0.000
13	1	0.154	0.846	0.000	0.000	0.000	0.000	0.000
13	2	0.000	0.000	1.000	0.000	0.000	0.000	0.000
13	3	0.000	0.000	0.000	0.000	0.000	0.000	0.000
13	4	0.000	0.000	0.000	0.000	0.000	0.000	0.000
13	5	0.000	0.000	0.000	0.000	0.000	0.000	0.000
13	6	0.000	0.000	0.000	0.000	0.000	0.000	0.000
14	0	0.995	0.005	0.000	0.000	0.000	0.000	0.000
14	1	0.222	0.778	0.000	0.000	0.000	0.000	0.000
14	2	0.000	0.000	1.000	0.000	0.000	0.000	0.000
14	3	0.000	0.000	0.000	0.000	0.000	0.000	0.000
14	4	0.000	0.000	0.000	0.000	0.000	0.000	0.000
14	5	0.000	0.000	0.000	0.000	0.000	0.000	0.000
14	6	0.000	0.000	0.000	0.000	0.000	0.000	0.000
15	0	0.986	0.014	0.000	0.000	0.000	0.000	0.000
15	1	0.261	0.696	0.043	0.000	0.000	0.000	0.000
15	2	0.000	0.500	0.500	0.000	0.000	0.000	0.000
15	3	0.000	0.000	0.000	0.000	0.000	0.000	0.000
15	4	0.000	0.000	0.000	0.000	0.000	0.000	0.000
15	5	0.000	0.000	0.000	0.000	0.000	0.000	0.000
15	6	0.000	0.000	0.000	0.000	0.000	0.000	0.000
16	0	0.993	0.007	0.000	0.000	0.000	0.000	0.000
16	1	0.250	0.750	0.000	0.000	0.000	0.000	0.000
16	2	0.000	0.333	0.667	0.000	0.000	0.000	0.000
16	3	0.000	0.000	0.000	0.000	0.000	0.000	0.000
16	4	0.000	0.000	0.000	0.000	0.000	0.000	0.000
16	5	0.000	0.000	0.000	0.000	0.000	0.000	0.000
16	6	0.000	0.000	0.000	0.000	0.000	0.000	0.000
17	0	0.990	0.010	0.000	0.000	0.000	0.000	0.000
17	1	0.091	0.909	0.000	0.000	0.000	0.000	0.000
17	2	0.000	0.000	1.000	0.000	0.000	0.000	0.000
17	3	0.000	0.000	0.000	0.000	0.000	0.000	0.000
17	4	0.000	0.000	0.000	0.000	0.000	0.000	0.000
17	5	0.000	0.000	0.000	0.000	0.000	0.000	0.000
17	6	0.000	0.000	0.000	0.000	0.000	0.000	0.000
18	0	0.990	0.010	0.000	0.000	0.000	0.000	0.000
18	1	0.208	0.792	0.000	0.000	0.000	0.000	0.000
18	2	0.000	0.500	0.500	0.000	0.000	0.000	0.000
18	3	0.000	0.000	0.000	0.000	0.000	0.000	0.000
18	4	0.000	0.000	0.000	0.000	0.000	0.000	0.000
18	5	0.000	0.000	0.000	0.000	0.000	0.000	0.000
18	6	0.000	0.000	0.000	0.000	0.000	0.000	0.000
19	0	0.998	0.002	0.000	0.000	0.000	0.000	0.000
19	1	0.250	0.750	0.000	0.000	0.000	0.000	0.000
19	2	0.000	0.000	1.000	0.000	0.000	0.000	0.000
19	3	0.000	0.000	0.000	0.000	0.000	0.000	0.000
19	4	0.000	0.000	0.000	0.000	0.000	0.000	0.000
19	5	0.000	0.000	0.000	0.000	0.000	0.000	0.000
19	6	0.000	0.000	0.000	0.000	0.000	0.000	0.000
20	0	0.995	0.005	0.000	0.000	0.000	0.000	0.000
20	1	0.263	0.737	0.000	0.000	0.000	0.000	0.000
20	2	0.000	0.000	1.000	0.000	0.000	0.000	0.000
20	3	0.000	0.000	0.000	0.000	0.000	0.000	0.000
20	4	0.000	0.000	0.000	0.000	0.000	0.000	0.000
20	5	0.000	0.000	0.000	0.000	0.000	0.000	0.000
20	6	0.000	0.000	0.000	0.000	0.000	0.000	0.000
21	0	0.995	0.005	0.000	0.000	0.000	0.000	0.000
21	1	0.063	0.938	0.000	0.000	0.000	0.000	0.000
21	2	0.000	1.000	0.000	0.000	0.000	0.000	0.000
21	3	0.000	0.000	0.000	0.000	0.000	0.000	0.000
21	4	0.000	0.000	0.000	0.000	0.000	0.000	0.000
21	5	0.000	0.000	0.000	0.000	0.000	0.000	0.000
21	6	0.000	0.000	0.000	0.000	0.000	0.000	0.000
22	0	0.995	0.005	0.000	0.000	0.000	0.000	0.000
22	1	0.167	0.833	0.000	0.000	0.000	0.000	0.000
22	2	0.000	0.000	0.000	0.000	0.000	0.000	0.000
22	3	0.000	0.000	0.000	0.000	0.000	0.000	0.000
22	4	0.000	0.000	0.000	0.000	0.000	0.000	0.000
22	5	0.000	0.000	0.000	0.000	0.000	0.000	0.000
22	6	0.000	0.000	0.000	0.000	0.000	0.000	0.000
23	0	0.991	0.009	0.000	0.000	0.000	0.000	0.000
23	1	0.294	0.706	0.000	0.000	0.000	0.000	0.000
23	2	0.000	0.000	0.000	0.000	0.000	0.000	0.000
23	3	0.000	0.000	0.000	0.000	0.000	0.000	0.000
23	4	0.000	0.000	0.000	0.000	0.000	0.000	0.000
23	5	0.000	0.000	0.000	0.000	0.000	0.000	0.000
23	6	0.000	0.000	0.000	0.000	0.000	0.000	0.000
24	0	0.979	0.021	0.000	0.000	0.000	0.000	0.000
24	1	0.938	0.063	0.000	0.000	0.000	0.000	0.000
24	2	0.000	0.000	0.000	0.000	0.000	0.000	0.000
24	3	0.000	0.000	0.000	0.000	0.000	0.000	0.000
24	4	0.000	0.000	0.000	0.000	0.000	0.000	0.000
24	5	0.000	0.000	0.000	0.000	0.000	0.000	0.000
24	6	0.000	0.000	0.000	0.000	0.000	0.000	0.000
25	0	1.000	0.000	0.000	0.000	0.000	0.000	0.000
25	1	0.100	0.900	0.000	0.000	0.000	0.000	0.000
25	2	0.000	0.000	0.000	0.000	0.000	0.000	0.000
25	3	0.000	0.000	0.000	0.000	0.000	0.000	0.000
25	4	0.000	0.000	0.000	0.000	0.000	0.000	0.000
25	5	0.000	0.000	0.000	0.000	0.000	0.000	0.000
25	6	0.000	0.000	0.000	0.000	0.000	0.000	0.000
26	0	0.993	0.007	0.000	0.000	0.000	0.000	0.000
26	1	0.222	0.667	0.111	0.000	0.000	0.000	0.000
26	2	0.000	0.000	0.000	0.000	0.000	0.000	0.000
26	3	0.000	0.000	0.000	0.000	0.000	0.000	0.000
26	4	0.000	0.000	0.000	0.000	0.000	0.000	0.000
26	5	0.000	0.000	0.000	0.000	0.000	0.000	0.000
26	6	0.000	0.000	0.000	0.000	0.000	0.000	0.000
27	0	0.991	0.009	0.000	0.000	0.000	0.000	0.000
27	1	0.111	0.889	0.000	0.000	0.000	0.000	0.000
27	2	0.000	0.000	1.000	0.000	0.000	0.000	0.000
27	3	0.000	0.000	0.000	0.000	0.000	0.000	0.000
27	4	0.000	0.000	0.000	0.000	0.000	0.000	0.000
27	5	0.000	0.000	0.000	0.000	0.000	0.000	0.000
27	6	0.000	0.000	0.000	0.000	0.000	0.000	0.000
28	0	0.993	0.007	0.000	0.000	0.000	0.000	0.000
28	1	0.333	0.583	0.083	0.000	0.000	0.000	0.000
28	2	0.000	0.000	1.000	0.000	0.000	0.000	0.000
28	3	0.000	0.000	0.000	0.000	0.000	0.000	0.000
28	4	0.000	0.000	0.000	0.000	0.000	0.000	0.000
28	5	0.000	0.000	0.000	0.000	0.000	0.000	0.000
28	6	0.000	0.000	0.000	0.000	0.000	0.000	0.000
29	0	0.988	0.012	0.000	0.000	0.000	0.000	0.000
29	1	0.100	0.900	0.000	0.000	0.000	0.000	0.000
29	2	0.000	0.500	0.500	0.000	0.000	0.000	0.000
29	3	0.000	0.000	0.000	0.000	0.000	0.000	0.000
29	4	0.000	0.000	0.000	0.000	0.000	0.000	0.000
29	5	0.000	0.000	0.000	0.000	0.000	0.000	0.000
29	6	0.000	0.000	0.000	0.000	0.000	0.000	0.000
30	0	0.981	0.016	0.002	0.000	0.000	0.000	0.000
30	1	0.533	0.467	0.000	0.000	0.000	0.000	0.000
30	2	0.000	0.000	1.000	0.000	0.000	0.000	0.000
30	3	0.000	0.000	0.000	0.000	0.000	0.000	0.000
30	4	0.000	0.000	0.000	0.000	0.000	0.000	0.000
30	5	0.000	0.000	0.000	0.000	0.000	0.000	0.000
30	6	0.000	0.000	0.000	0.000	0.000	0.000	0.000
31	0	0.995	0.002	0.002	0.000	0.000	0.000	0.000
31	1	0.214	0.643	0.143	0.000	0.000	0.000	0.000
31	2	0.000	0.000	1.000	0.000	0.000	0.000	0.000
31	3	0.000	0.000	0.000	0.000	0.000	0.000	0.000
31	4	0.000	0.000	0.000	0.000	0.000	0.000	0.000
31	5	0.000	0.000	0.000	0.000	0.000	0.000	0.000
31	6	0.000	0.000	0.000	0.000	0.000	0.000	0.000
32	0	0.995	0.005	0.000	0.000	0.000	0.000	0.000
32	1	0.000	1.000	0.000	0.000	0.000	0.000	0.000
32	2	0.000	0.200	0.800	0.000	0.000	0.000	0.000
32	3	0.000	0.000	0.000	0.000	0.000	0.000	0.000
32	4	0.000	0.000	0.000	0.000	0.000	0.000	0.000
32	5	0.000	0.000	0.000	0.000	0.000	0.000	0.000
32	6	0.000	0.000	0.000	0.000	0.000	0.000	0.000
33	0	0.988	0.009	0.002	0.000	0.000	0.000	0.000
33	1	0.308	0.538	0.154	0.000	0.000	0.000	0.000
33	2	0.000	0.750	0.250	0.000	0.000	0.000	0.000
33	3	0.000	0.000	0.000	0.000	0.000	0.000	0.000
33	4	0.000	0.000	0.000	0.000	0.000	0.000	0.000
33	5	0.000	0.000	0.000	0.000	0.000	0.000	0.000
33	6	0.000	0.000	0.000	0.000	0.000	0.000	0.000
34	0	0.986	0.014	0.000	0.000	0.000	0.000	0.000
34	1	0.214	0.786	0.000	0.000	0.000	0.000	0.000
34	2	0.000	0.000	0.750	0.000	0.250	0.000	0.000
34	3	0.000	0.000	0.000	0.000	0.000	0.000	0.000
34	4	0.000	0.000	0.000	0.000	0.000	0.000	0.000
34	5	0.000	0.000	0.000	0.000	0.000	0.000	0.000
34	6	0.000	0.000	0.000	0.000	0.000	0.000	0.000
35	0	0.991	0.009	0.000	0.000	0.000	0.000	0.000
35	1	0.176	0.824	0.000	0.000	0.000	0.000	0.000
35	2	0.000	0.667	0.333	0.000	0.000	0.000	0.000
35	3	0.000	0.000	0.000	0.000	0.000	0.000	0.000
35	4	0.000	0.000	0.000	0.000	1.000	0.000	0.000
35	5	0.000	0.000	0.000	0.000	0.000	0.000	0.000
35	6	0.000	0.000	0.000	0.000	0.000	0.000	0.000
36	0	0.969	0.026	0.005	0.000	0.000	0.000	0.000
36	1	0.150	0.800	0.050	0.000	0.000	0.000	0.000
36	2	0.000	0.000	1.000	0.000	0.000	0.000	0.000
36	3	0.000	0.000	0.000	0.000	0.000	0.000	0.000
36	4	0.000	1.000	0.000	0.000	0.000	0.000	0.000
36	5	0.000	0.000	0.000	0.000	0.000	0.000	0.000
36	6	0.000	0.000	0.000	0.000	0.000	0.000	0.000
37	0	0.973	0.027	0.000	0.000	0.000	0.000	0.000
37	1	0.107	0.821	0.071	0.000	0.000	0.000	0.000
37	2	0.000	0.000	0.750	0.000	0.250	0.000	0.000
37	3	0.000	0.000	0.000	0.000	0.000	0.000	0.000
37	4	0.000	0.000	0.000	0.000	0.000	0.000	0.000
37	5	0.000	0.000	0.000	0.000	0.000	0.000	0.000
37	6	0.000	0.000	0.000	0.000	0.000	0.000	0.000
38	0	0.978	0.022	0.000	0.000	0.000	0.000	0.000
38	1	0.118	0.794	0.088	0.000	0.000	0.000	0.000
38	2	0.000	0.400	0.600	0.000	0.000	0.000	0.000
38	3	0.000	0.000	0.000	0.000	0.000	0.000	0.000
38	4	0.000	0.000	0.000	1.000	0.000	0.000	0.000
38	5	0.000	0.000	0.000	0.000	0.000	0.000	0.000
38	6	0.000	0.000	0.000	0.000	0.000	0.000	0.000
39	0	0.952	0.045	0.003	0.000	0.000	0.000	0.000
39	1	0.132	0.737	0.079	0.053	0.000	0.000	0.000
39	2	0.000	0.333	0.667	0.000	0.000	0.000	0.000
39	3	0.000	0.000	1.000	0.000	0.000	0.000	0.000
39	4	0.000	0.000	0.000	0.000	0.000	0.000	0.000
39	5	0.000	0.000	0.000	0.000	0.000	0.000	0.000
39	6	0.000	0.000	0.000	0.000	0.000	0.000	0.000
40	0	0.971	0.026	0.003	0.000	0.000	0.000	0.000
40	1	0.125	0.833	0.042	0.000	0.000	0.000	0.000
40	2	0.000	0.111	0.889	0.000	0.000	0.000	0.000
40	3	0.000	0.000	0.000	1.000	0.000	0.000	0.000
40	4	0.000	0.000	0.000	0.000	0.000	0.000	0.000
40	5	0.000	0.000	0.000	0.000	0.000	0.000	0.000
40	6	0.000	0.000	0.000	0.000	0.000	0.000	0.000
41	0	0.950	0.047	0.003	0.000	0.000	0.000	0.000
41	1	0.078	0.824	0.098	0.000	0.000	0.000	0.000
41	2	0.000	0.091	0.727	0.091	0.091	0.000	0.000
41	3	0.500	0.000	0.500	0.000	0.000	0.000	0.000
41	4	0.000	0.000	0.000	0.000	0.000	0.000	0.000
41	5	0.000	0.000	0.000	0.000	0.000	0.000	0.000
41	6	0.000	0.000	0.000	0.000	0.000	0.000	0.000
42	0	0.814	0.148	0.030	0.008	0.000	0.000	0.000
42	1	0.098	0.557	0.295	0.049	0.000	0.000	0.000
42	2	0.133	0.333	0.400	0.133	0.000	0.000	0.000
42	3	0.000	0.000	0.000	1.000	0.000	0.000	0.000
42	4	0.000	0.000	0.000	0.000	1.000	0.000	0.000
42	5	0.000	0.000	0.000	0.000	0.000	0.000	0.000
42	6	0.000	0.000	0.000	0.000	0.000	0.000	0.000
43	0	0.958	0.039	0.003	0.000	0.000	0.000	0.000
43	1	0.065	0.753	0.161	0.022	0.000	0.000	0.000
43	2	0.029	0.029	0.800	0.086	0.057	0.000	0.000
43	3	0.111	0.000	0.111	0.556	0.222	0.000	0.000
43	4	0.000	0.000	0.000	0.000	1.000	0.000	0.000
43	5	0.000	0.000	0.000	0.000	0.000	0.000	0.000
43	6	0.000	0.000	0.000	0.000	0.000	0.000	0.000
44	0	0.927	0.066	0.007	0.000	0.000	0.000	0.000
44	1	0.084	0.807	0.096	0.012	0.000	0.000	0.000
44	2	0.044	0.067	0.733	0.133	0.022	0.000	0.000
44	3	0.000	0.100	0.000	0.900	0.000	0.000	0.000
44	4	0.000	0.000	0.000	0.200	0.800	0.000	0.000
44	5	0.000	0.000	0.000	0.000	0.000	0.000	0.000
44	6	0.000	0.000	0.000	0.000	0.000	0.000	0.000
45	0	0.851	0.118	0.028	0.000	0.003	0.000	0.000
45	1	0.033	0.824	0.143	0.000	0.000	0.000	0.000
45	2	0.023	0.070	0.860	0.047	0.000	0.000	0.000
45	3	0.000	0.059	0.235	0.647	0.059	0.000	0.000
45	4	0.000	0.000	0.000	0.000	1.000	0.000	0.000
45	5	0.000	0.000	0.000	0.000	0.000	0.000	0.000
45	6	0.000	0.000	0.000	0.000	0.000	0.000	0.000
46	0	0.936	0.056	0.008	0.000	0.000	0.000	0.000
46	1	0.071	0.796	0.124	0.009	0.000	0.000	0.000
46	2	0.000	0.129	0.774	0.097	0.000	0.000	0.000
46	3	0.000	0.000	0.000	1.000	0.000	0.000	0.000
46	4	0.000	0.000	0.143	0.143	0.714	0.000	0.000
46	5	0.000	0.000	0.000	0.000	0.000	0.000	0.000
46	6	0.000	0.000	0.000	0.000	0.000	0.000	0.000
47	0	0.892	0.100	0.008	0.000	0.000	0.000	0.000
47	1	0.027	0.804	0.152	0.018	0.000	0.000	0.000
47	2	0.031	0.123	0.738	0.108	0.000	0.000	0.000
47	3	0.000	0.048	0.000	0.857	0.095	0.000	0.000
47	4	0.000	0.200	0.000	0.000	0.800	0.000	0.000
47	5	0.000	0.000	0.000	0.000	0.000	0.000	0.000
47	6	0.000	0.000	0.000	0.000	0.000	0.000	0.000
48	0	0.805	0.159	0.036	0.000	0.000	0.000	0.000
48	1	0.089	0.629	0.218	0.048	0.016	0.000	0.000
48	2	0.015	0.045	0.701	0.209	0.030	0.000	0.000
48	3	0.000	0.000	0.185	0.519	0.296	0.000	0.000
48	4	0.000	0.000	0.000	0.167	0.833	0.000	0.000
48	5	0.000	0.000	0.000	0.000	0.000	0.000	0.000
48	6	0.000	0.000	0.000	0.000	0.000	0.000	0.000
49	0	0.894	0.101	0.005	0.000	0.000	0.000	0.000
49	1	0.034	0.759	0.164	0.034	0.009	0.000	0.000
49	2	0.011	0.069	0.747	0.161	0.011	0.000	0.000
49	3	0.000	0.000	0.143	0.714	0.143	0.000	0.000
49	4	0.000	0.000	0.000	0.000	1.000	0.000	0.000
49	5	0.000	0.000	0.000	0.000	0.000	0.000	0.000
49	6	0.000	0.000	0.000	0.000	0.000	0.000	0.000
50	0	0.897	0.086	0.011	0.006	0.000	0.000	0.000
50	1	0.053	0.788	0.133	0.018	0.009	0.000	0.000
50	2	0.011	0.111	0.722	0.133	0.022	0.000	0.000
50	3	0.000	0.000	0.163	0.721	0.116	0.000	0.000
50	4	0.000	0.000	0.042	0.125	0.833	0.000	0.000
50	5	0.000	0.000	0.000	0.000	0.000	0.000	0.000
50	6	0.000	0.000	0.000	0.000	0.000	0.000	0.000
51	0	0.804	0.160	0.031	0.006	0.000	0.000	0.000
51	1	0.026	0.772	0.184	0.018	0.000	0.000	0.000
51	2	0.011	0.100	0.689	0.189	0.011	0.000	0.000
51	3	0.000	0.041	0.020	0.755	0.184	0.000	0.000
51	4	0.000	0.000	0.036	0.071	0.893	0.000	0.000
51	5	0.000	0.000	0.000	0.000	0.000	0.000	0.000
51	6	0.000	0.000	0.000	0.000	0.000	0.000	0.000
52	0	0.852	0.141	0.007	0.000	0.000	0.000	0.000
52	1	0.032	0.864	0.104	0.000	0.000	0.000	0.000
52	2	0.022	0.067	0.778	0.122	0.011	0.000	0.000
52	3	0.000	0.034	0.153	0.678	0.136	0.000	0.000
52	4	0.000	0.000	0.029	0.114	0.857	0.000	0.000
52	5	0.000	0.000	0.000	0.000	0.000	0.000	0.000
52	6	0.000	0.000	0.000	0.000	0.000	0.000	0.000
53	0	0.868	0.107	0.025	0.000	0.000	0.000	0.000
53	1	0.067	0.726	0.178	0.030	0.000	0.000	0.000
53	2	0.011	0.096	0.830	0.053	0.011	0.000	0.000
53	3	0.018	0.018	0.055	0.818	0.091	0.000	0.000
53	4	0.000	0.000	0.051	0.128	0.821	0.000	0.000
53	5	0.000	0.000	0.000	0.000	0.000	0.000	0.000
53	6	0.000	0.000	0.000	0.000	0.000	0.000	0.000
54	0	0.716	0.172	0.095	0.017	0.000	0.000	0.000
54	1	0.050	0.653	0.240	0.041	0.017	0.000	0.000
54	2	0.018	0.127	0.673	0.155	0.027	0.000	0.000
54	3	0.017	0.017	0.068	0.746	0.153	0.000	0.000
54	4	0.000	0.000	0.000	0.184	0.816	0.000	0.000
54	5	0.000	0.000	0.000	0.000	0.000	0.000	0.000
54	6	0.000	0.000	0.000	0.000	0.000	0.000	0.000
55	0	0.859	0.130	0.011	0.000	0.000	0.000	0.000
55	1	0.044	0.781	0.158	0.018	0.000	0.000	0.000
55	2	0.008	0.034	0.864	0.093	0.000	0.000	0.000
55	3	0.000	0.027	0.107	0.773	0.093	0.000	0.000
55	4	0.000	0.000	0.000	0.067	0.933	0.000	0.000
55	5	0.000	0.000	0.000	0.000	0.000	0.000	0.000
55	6	0.000	0.000	0.000	0.000	0.000	0.000	0.000
56	0	0.800	0.165	0.035	0.000	0.000	0.000	0.000
56	1	0.019	0.850	0.112	0.019	0.000	0.000	0.000
56	2	0.016	0.031	0.829	0.109	0.016	0.000	0.000
56	3	0.014	0.014	0.068	0.865	0.041	0.000	0.000
56	4	0.000	0.000	0.061	0.102	0.837	0.000	0.000
56	5	0.000	0.000	0.000	0.000	0.000	0.000	0.000
56	6	0.000	0.000	0.000	0.000	0.000	0.000	0.000
57	0	0.932	0.041	0.027	0.000	0.000	0.000	0.000
57	1	0.055	0.718	0.191	0.027	0.009	0.000	0.000
57	2	0.015	0.046	0.869	0.069	0.000	0.000	0.000
57	3	0.000	0.024	0.106	0.729	0.141	0.000	0.000
57	4	0.000	0.000	0.022	0.065	0.913	0.000	0.000
57	5	0.000	0.000	0.000	0.000	0.000	0.000	0.000
57	6	0.000	0.000	0.000	0.000	0.000	0.000	0.000
58	0	0.934	0.053	0.013	0.000	0.000	0.000	0.000
58	1	0.067	0.789	0.100	0.044	0.000	0.000	0.000
58	2	0.027	0.082	0.822	0.068	0.000	0.000	0.000
58	3	0.000	0.013	0.117	0.779	0.091	0.000	0.000
58	4	0.036	0.000	0.036	0.127	0.800	0.000	0.000
58	5	0.000	0.000	0.000	0.000	0.000	0.000	0.000
58	6	0.000	0.000	0.000	0.000	0.000	0.000	0.000
59	0	0.880	0.120	0.000	0.000	0.000	0.000	0.000
59	1	0.080	0.773	0.114	0.034	0.000	0.000	0.000
59	2	0.000	0.092	0.816	0.092	0.000	0.000	0.000
59	3	0.012	0.037	0.062	0.827	0.062	0.000	0.000
59	4	0.020	0.000	0.039	0.078	0.863	0.000	0.000
59	5	0.000	0.000	0.000	0.000	0.000	0.000	0.000
59	6	0.000	0.000	0.000	0.000	0.000	0.000	0.000
60	0	0.683	0.195	0.098	0.024	0.000	0.000	0.000
60	1	0.085	0.606	0.255	0.053	0.000	0.000	0.000
60	2	0.053	0.114	0.652	0.182	0.000	0.000	0.000
60	3	0.034	0.011	0.184	0.655	0.115	0.000	0.000
60	4	0.000	0.020	0.061	0.224	0.694	0.000	0.000
60	5	0.000	0.000	0.000	0.000	0.000	0.000	0.000
60	6	0.000	0.000	0.000	0.000	0.000	0.000	0.000
61	0	0.892	0.095	0.014	0.000	0.000	0.000	0.000
61	1	0.056	0.867	0.067	0.011	0.000	0.000	0.000
61	2	0.000	0.058	0.825	0.117	0.000	0.000	0.000
61	3	0.010	0.010	0.091	0.818	0.071	0.000	0.000
61	4	0.000	0.000	0.000	0.091	0.909	0.000	0.000
61	5	0.000	0.000	0.000	0.000	0.000	0.000	0.000
61	6	0.000	0.000	0.000	0.000	0.000	0.000	0.000
62	0	0.931	0.056	0.014	0.000	0.000	0.000	0.000
62	1	0.032	0.894	0.053	0.021	0.000	0.000	0.000
62	2	0.023	0.062	0.845	0.070	0.000	0.000	0.000
62	3	0.000	0.000	0.069	0.882	0.049	0.000	0.000
62	4	0.000	0.000	0.021	0.085	0.894	0.000	0.000
62	5	0.000	0.000	0.000	0.000	0.000	0.000	0.000
62	6	0.000	0.000	0.000	0.000	0.000	0.000	0.000
63	0	0.918	0.041	0.041	0.000	0.000	0.000	0.000
63	1	0.052	0.802	0.146	0.000	0.000	0.000	0.000
63	2	0.016	0.089	0.797	0.098	0.000	0.000	0.000
63	3	0.000	0.038	0.086	0.781	0.095	0.000	0.000
63	4	0.021	0.000	0.021	0.128	0.830	0.000	0.000
63	5	0.000	0.000	0.000	0.000	0.000	0.000	0.000
63	6	0.000	0.000	0.000	0.000	0.000	0.000	0.000
64	0	0.960	0.040	0.000	0.000	0.000	0.000	0.000
64	1	0.105	0.842	0.042	0.011	0.000	0.000	0.000
64	2	0.000	0.032	0.872	0.088	0.008	0.000	0.000
64	3	0.010	0.020	0.080	0.840	0.050	0.000	0.000
64	4	0.020	0.020	0.000	0.122	0.837	0.000	0.000
64	5	0.000	0.000	0.000	0.000	0.000	0.000	0.000
64	6	0.000	0.000	0.000	0.000	0.000	0.000	0.000
65	0	0.940	0.060	0.000	0.000	0.000	0.000	0.000
65	1	0.078	0.822	0.089	0.011	0.000	0.000	0.000
65	2	0.041	0.116	0.769	0.058	0.017	0.000	0.000
65	3	0.000	0.039	0.118	0.794	0.049	0.000	0.000
65	4	0.000	0.000	0.149	0.085	0.766	0.000	0.000
65	5	0.000	0.000	0.000	0.000	0.000	0.000	0.000
65	6	0.000	0.000	0.000	0.000	0.000	0.000	0.000
66	0	0.923	0.077	0.000	0.000	0.000	0.000	0.000
66	1	0.072	0.784	0.144	0.000	0.000	0.000	0.000
66	2	0.033	0.100	0.792	0.067	0.008	0.000	0.000
66	3	0.000	0.043	0.140	0.763	0.054	0.000	0.000
66	4	0.047	0.000	0.000	0.186	0.767	0.000	0.000
66	5	0.000	0.000	0.000	0.000	0.000	0.000	0.000
66	6	0.000	0.000	0.000	0.000	0.000	0.000	0.000
67	0	0.876	0.082	0.041	0.000	0.000	0.000	0.000
67	1	0.081	0.808	0.101	0.010	0.000	0.000	0.000
67	2	0.016	0.082	0.795	0.107	0.000	0.000	0.000
67	3	0.000	0.000	0.092	0.851	0.057	0.000	0.000
67	4	0.000	0.000	0.000	0.231	0.769	0.000	0.000
67	5	0.000	0.000	0.000	0.000	0.000	0.000	0.000
67	6	0.000	0.000	0.000	0.000	0.000	0.000	0.000
68	0	0.947	0.042	0.000	0.011	0.000	0.000	0.000
68	1	0.031	0.857	0.092	0.020	0.000	0.000	0.000
68	2	0.034	0.092	0.807	0.050	0.017	0.000	0.000
68	3	0.000	0.000	0.124	0.835	0.041	0.000	0.000
68	4	0.000	0.000	0.086	0.086	0.829	0.000	0.000
68	5	0.000	0.000	0.000	0.000	0.000	0.000	0.000
68	6	0.000	0.000	0.000	0.000	0.000	0.000	0.000
69	0	0.907	0.062	0.021	0.010	0.000	0.000	0.000
69	1	0.040	0.828	0.131	0.000	0.000	0.000	0.000
69	2	0.033	0.092	0.767	0.092	0.017	0.000	0.000
69	3	0.011	0.043	0.108	0.796	0.043	0.000	0.000
69	4	0.057	0.000	0.029	0.143	0.771	0.000	0.000
69	5	0.000	0.000	0.000	0.000	0.000	0.000	0.000
69	6	0.000	0.000	0.000	0.000	0.000	0.000	0.000
70	0	0.899	0.071	0.030	0.000	0.000	0.000	0.000
70	1	0.078	0.864	0.058	0.000	0.000	0.000	0.000
70	2	0.025	0.068	0.831	0.076	0.000	0.000	0.000
70	3	0.011	0.011	0.066	0.835	0.077	0.000	0.000
70	4	0.000	0.000	0.030	0.091	0.879	0.000	0.000
70	5	0.000	0.000	0.000	0.000	0.000	0.000	0.000
70	6	0.000	0.000	0.000	0.000	0.000	0.000	0.000
71	0	0.911	0.079	0.000	0.010	0.000	0.000	0.000
71	1	0.057	0.857	0.067	0.019	0.000	0.000	0.000
71	2	0.018	0.123	0.711	0.140	0.009	0.000	0.000
71	3	0.000	0.011	0.102	0.841	0.045	0.000	0.000
71	4	0.028	0.000	0.000	0.167	0.806	0.000	0.000
71	5	0.000	0.000	0.000	0.000	0.000	0.000	0.000
71	6	0.000	0.000	0.000	0.000	0.000	0.000	0.000
72	0	0.842	0.119	0.030	0.000	0.010	0.000	0.000
72	1	0.080	0.761	0.124	0.035	0.000	0.000	0.000
72	2	0.021	0.062	0.763	0.144	0.010	0.000	0.000
72	3	0.000	0.010	0.121	0.798	0.071	0.000	0.000
72	4	0.000	0.000	0.000	0.147	0.853	0.000	0.000
72	5	0.000	0.000	0.000	0.000	0.000	0.000	0.000
72	6	0.000	0.000	0.000	0.000	0.000	0.000	0.000
73	0	0.896	0.083	0.021	0.000	0.000	0.000	0.000
73	1	0.048	0.790	0.162	0.000	0.000	0.000	0.000
73	2	0.010	0.049	0.835	0.097	0.010	0.000	0.000
73	3	0.000	0.010	0.078	0.843	0.069	0.000	0.000
73	4	0.000	0.000	0.026	0.053	0.921	0.000	0.000
73	5	0.000	0.000	0.000	0.000	0.000	0.000	0.000
73	6	0.000	0.000	0.000	0.000	0.000	0.000	0.000
74	0	0.913	0.076	0.011	0.000	0.000	0.000	0.000
74	1	0.062	0.794	0.134	0.010	0.000	0.000	0.000
74	2	0.009	0.070	0.851	0.061	0.009	0.000	0.000
74	3	0.000	0.020	0.051	0.867	0.061	0.000	0.000
74	4	0.000	0.000	0.023	0.140	0.837	0.000	0.000
74	5	0.000	0.000	0.000	0.000	0.000	0.000	0.000
74	6	0.000	0.000	0.000	0.000	0.000	0.000	0.000
75	0	0.868	0.088	0.022	0.022	0.000	0.000	0.000
75	1	0.032	0.830	0.096	0.032	0.011	0.000	0.000
75	2	0.009	0.077	0.829	0.077	0.009	0.000	0.000
75	3	0.000	0.020	0.040	0.828	0.111	0.000	0.000
75	4	0.023	0.000	0.023	0.047	0.907	0.000	0.000
75	5	0.000	0.000	0.000	0.000	0.000	0.000	0.000
75	6	0.000	0.000	0.000	0.000	0.000	0.000	0.000
76	0	0.964	0.036	0.000	0.000	0.000	0.000	0.000
76	1	0.052	0.876	0.041	0.031	0.000	0.000	0.000
76	2	0.009	0.115	0.779	0.097	0.000	0.000	0.000
76	3	0.000	0.000	0.061	0.867	0.071	0.000	0.000
76	4	0.019	0.000	0.000	0.115	0.865	0.000	0.000
76	5	0.000	0.000	0.000	0.000	0.000	0.000	0.000
76	6	0.000	0.000	0.000	0.000	0.000	0.000	0.000
77	0	0.920	0.057	0.023	0.000	0.000	0.000	0.000
77	1	0.069	0.832	0.069	0.030	0.000	0.000	0.000
77	2	0.041	0.041	0.857	0.061	0.000	0.000	0.000
77	3	0.019	0.010	0.133	0.810	0.029	0.000	0.000
77	4	0.000	0.000	0.038	0.096	0.865	0.000	0.000
77	5	0.000	0.000	0.000	0.000	0.000	0.000	0.000
77	6	0.000	0.000	0.000	0.000	0.000	0.000	0.000
78	0	0.830	0.128	0.032	0.000	0.011	0.000	0.000
78	1	0.106	0.670	0.181	0.032	0.011	0.000	0.000
78	2	0.037	0.128	0.697	0.119	0.018	0.000	0.000
78	3	0.040	0.040	0.121	0.717	0.081	0.000	0.000
78	4	0.021	0.000	0.125	0.125	0.729	0.000	0.000
78	5	0.000	0.000	0.000	0.000	0.000	0.000	0.000
78	6	0.000	0.000	0.000	0.000	0.000	0.000	0.000
79	0	0.928	0.052	0.021	0.000	0.000	0.000	0.000
79	1	0.054	0.839	0.108	0.000	0.000	0.000	0.000
79	2	0.018	0.079	0.807	0.088	0.009	0.000	0.000
79	3	0.000	0.032	0.054	0.892	0.022	0.000	0.000
79	4	0.000	0.000	0.000	0.085	0.915	0.000	0.000
79	5	0.000	0.000	0.000	0.000	0.000	0.000	0.000
79	6	0.000	0.000	0.000	0.000	0.000	0.000	0.000
80	0	0.928	0.041	0.010	0.000	0.021	0.000	0.000
80	1	0.095	0.811	0.063	0.032	0.000	0.000	0.000
80	2	0.018	0.064	0.853	0.055	0.009	0.000	0.000
80	3	0.010	0.000	0.155	0.814	0.021	0.000	0.000
80	4	0.000	0.022	0.043	0.065	0.870	0.000	0.000
80	5	0.000	0.000	0.000	0.000	0.000	0.000	0.000
80	6	0.000	0.000	0.000	0.000	0.000	0.000	0.000
81	0	0.902	0.078	0.010	0.010	0.000	0.000	0.000
81	1	0.146	0.730	0.112	0.011	0.000	0.000	0.000
81	2	0.017	0.077	0.846	0.060	0.000	0.000	0.000
81	3	0.022	0.033	0.110	0.758	0.077	0.000	0.000
81	4	0.022	0.000	0.044	0.200	0.733	0.000	0.000
81	5	0.000	0.000	0.000	0.000	0.000	0.000	0.000
81	6	0.000	0.000	0.000	0.000	0.000	0.000	0.000
82	0	0.982	0.009	0.009	0.000	0.000	0.000	0.000
82	1	0.059	0.835	0.071	0.024	0.012	0.000	0.000
82	2	0.000	0.098	0.820	0.066	0.016	0.000	0.000
82	3	0.011	0.000	0.080	0.851	0.057	0.000	0.000
82	4	0.000	0.000	0.025	0.025	0.950	0.000	0.000
82	5	0.000	0.000	0.000	0.000	0.000	0.000	0.000
82	6	0.000	0.000	0.000	0.000	0.000	0.000	0.000
83	0	0.895	0.105	0.000	0.000	0.000	0.000	0.000
83	1	0.024	0.845	0.119	0.012	0.000	0.000	0.000
83	2	0.026	0.104	0.748	0.096	0.026	0.000	0.000
83	3	0.000	0.012	0.071	0.859	0.059	0.000	0.000
83	4	0.022	0.022	0.043	0.174	0.739	0.000	0.000
83	5	0.000	0.000	0.000	0.000	0.000	0.000	0.000
83	6	0.000	0.000	0.000	0.000	0.000	0.000	0.000
84	0	0.907	0.074	0.009	0.000	0.009	0.000	0.000
84	1	0.082	0.742	0.155	0.021	0.000	0.000	0.000
84	2	0.019	0.096	0.779	0.106	0.000	0.000	0.000
84	3	0.022	0.043	0.108	0.774	0.054	0.000	0.000
84	4	0.024	0.024	0.000	0.143	0.810	0.000	0.000
84	5	0.000	0.000	0.000	0.000	0.000	0.000	0.000
84	6	0.000	0.000	0.000	0.000	0.000	0.000	0.000
85	0	0.910	0.054	0.018	0.018	0.000	0.000	0.000
85	1	0.063	0.811	0.126	0.000	0.000	0.000	0.000
85	2	0.000	0.065	0.860	0.047	0.028	0.000	0.000
85	3	0.011	0.011	0.132	0.780	0.066	0.000	0.000
85	4	0.000	0.000	0.000	0.100	0.900	0.000	0.000
85	5	0.000	0.000	0.000	0.000	0.000	0.000	0.000
85	6	0.000	0.000	0.000	0.000	0.000	0.000	0.000
86	0	0.944	0.046	0.009	0.000	0.000	0.000	0.000
86	1	0.088	0.835	0.066	0.011	0.000	0.000	0.000
86	2	0.008	0.034	0.907	0.051	0.000	0.000	0.000
86	3	0.000	0.024	0.110	0.854	0.012	0.000	0.000
86	4	0.000	0.000	0.000	0.111	0.889	0.000	0.000
86	5	0.000	0.000	0.000	0.000	0.000	0.000	0.000
86	6	0.000	0.000	0.000	0.000	0.000	0.000	0.000
87	0	0.883	0.108	0.000	0.000	0.009	0.000	0.000
87	1	0.034	0.874	0.069	0.011	0.011	0.000	0.000
87	2	0.016	0.065	0.805	0.114	0.000	0.000	0.000
87	3	0.012	0.012	0.110	0.829	0.037	0.000	0.000
87	4	0.049	0.000	0.049	0.024	0.878	0.000	0.000
87	5	0.000	0.000	0.000	0.000	0.000	0.000	0.000
87	6	0.000	0.000	0.000	0.000	0.000	0.000	0.000
88	0	0.953	0.047	0.000	0.000	0.000	0.000	0.000
88	1	0.031	0.876	0.052	0.031	0.010	0.000	0.000
88	2	0.017	0.060	0.871	0.043	0.009	0.000	0.000
88	3	0.000	0.024	0.083	0.798	0.095	0.000	0.000
88	4	0.024	0.000	0.024	0.171	0.780	0.000	0.000
88	5	0.000	0.000	0.000	0.000	0.000	0.000	0.000
88	6	0.000	0.000	0.000	0.000	0.000	0.000	0.000
89	0	0.963	0.037	0.000	0.000	0.000	0.000	0.000
89	1	0.051	0.889	0.061	0.000	0.000	0.000	0.000
89	2	0.035	0.053	0.798	0.114	0.000	0.000	0.000
89	3	0.012	0.012	0.085	0.878	0.012	0.000	0.000
89	4	0.000	0.024	0.024	0.095	0.857	0.000	0.000
89	5	0.000	0.000	0.000	0.000	0.000	0.000	0.000
89	6	0.000	0.000	0.000	0.000	0.000	0.000	0.000
90	0	0.920	0.071	0.009	0.000	0.000	0.000	0.000
90	1	0.110	0.760	0.110	0.020	0.000	0.000	0.000
90	2	0.038	0.095	0.771	0.067	0.029	0.000	0.000
90	3	0.000	0.022	0.135	0.764	0.079	0.000	0.000
90	4	0.000	0.027	0.027	0.027	0.919	0.000	0.000
90	5	0.000	0.000	0.000	0.000	0.000	0.000	0.000
90	6	0.000	0.000	0.000	0.000	0.000	0.000	0.000
91	0	0.950	0.050	0.000	0.000	0.000	0.000	0.000
91	1	0.072	0.835	0.041	0.041	0.010	0.000	0.000
91	2	0.000	0.028	0.925	0.038	0.009	0.000	0.000
91	3	0.000	0.000	0.051	0.885	0.064	0.000	0.000
91	4	0.000	0.000	0.000	0.091	0.909	0.000	0.000
91	5	0.000	0.000	0.000	0.000	0.000	0.000	0.000
91	6	0.000	0.000	0.000	0.000	0.000	0.000	0.000
92	0	0.900	0.083	0.017	0.000	0.000	0.000	0.000
92	1	0.022	0.911	0.056	0.000	0.011	0.000	0.000
92	2	0.019	0.066	0.868	0.047	0.000	0.000	0.000
92	3	0.000	0.025	0.099	0.840	0.037	0.000	0.000
92	4	0.000	0.000	0.000	0.064	0.936	0.000	0.000
92	5	0.000	0.000	0.000	0.000	0.000	0.000	0.000
92	6	0.000	0.000	0.000	0.000	0.000	0.000	0.000
93	0	0.902	0.080	0.018	0.000	0.000	0.000	0.000
93	1	0.040	0.832	0.109	0.010	0.010	0.000	0.000
93	2	0.009	0.065	0.822	0.093	0.009	0.000	0.000
93	3	0.000	0.026	0.079	0.842	0.053	0.000	0.000
93	4	0.000	0.000	0.021	0.021	0.958	0.000	0.000
93	5	0.000	0.000	0.000	0.000	0.000	0.000	0.000
93	6	0.000	0.000	0.000	0.000	0.000	0.000	0.000
94	0	0.915	0.085	0.000	0.000	0.000	0.000	0.000
94	1	0.039	0.843	0.069	0.049	0.000	0.000	0.000
94	2	0.009	0.046	0.870	0.056	0.019	0.000	0.000
94	3	0.039	0.000	0.066	0.882	0.013	0.000	0.000
94	4	0.000	0.019	0.019	0.058	0.904	0.000	0.000
94	5	0.000	0.000	0.000	0.000	0.000	0.000	0.000
94	6	0.000	0.000	0.000	0.000	0.000	0.000	0.000
95	0	0.914	0.048	0.019	0.010	0.010	0.000	0.000
95	1	0.059	0.891	0.050	0.000	0.000	0.000	0.000
95	2	0.000	0.047	0.888	0.056	0.009	0.000	0.000
95	3	0.000	0.000	0.099	0.864	0.037	0.000	0.000
95	4	0.000	0.000	0.020	0.040	0.940	0.000	0.000
95	5	0.000	0.000	0.000	0.000	0.000	0.000	0.000
95	6	0.000	0.000	0.000	0.000	0.000	0.000	0.000
96	0	0.784	0.137	0.020	0.029	0.029	0.000	0.000
96	1	0.080	0.670	0.200	0.030	0.020	0.000	0.000
96	2	0.018	0.144	0.685	0.153	0.000	0.000	0.000
96	3	0.013	0.038	0.165	0.747	0.038	0.000	0.000
96	4	0.000	0.038	0.000	0.096	0.865	0.000	0.000
96	5	0.000	0.000	0.000	0.000	0.000	0.000	0.000
96	6	0.000	0.000	0.000	0.000	0.000	0.000	0.000
97	0	0.901	0.066	0.011	0.022	0.000	0.000	0.000
97	1	0.020	0.824	0.118	0.029	0.010	0.000	0.000
97	2	0.000	0.036	0.892	0.072	0.000	0.000	0.000
97	3	0.000	0.011	0.034	0.874	0.080	0.000	0.000
97	4	0.000	0.000	0.000	0.075	0.925	0.000	0.000
97	5	0.000	0.000	0.000	0.000	0.000	0.000	0.000
97	6	0.000	0.000	0.000	0.000	0.000	0.000	0.000
98	0	0.881	0.060	0.024	0.024	0.012	0.000	0.000
98	1	0.021	0.874	0.063	0.032	0.011	0.000	0.000
98	2	0.000	0.087	0.870	0.043	0.000	0.000	0.000
98	3	0.011	0.000	0.065	0.903	0.022	0.000	0.000
98	4	0.018	0.000	0.000	0.088	0.895	0.000	0.000
98	5	0.000	0.000	0.000	0.000	0.000	0.000	0.000
98	6	0.000	0.000	0.000	0.000	0.000	0.000	0.000
99	0	0.872	0.077	0.051	0.000	0.000	0.000	0.000
99	1	0.010	0.867	0.102	0.020	0.000	0.000	0.000
99	2	0.000	0.079	0.825	0.096	0.000	0.000	0.000
99	3	0.010	0.010	0.040	0.889	0.051	0.000	0.000
99	4	0.000	0.000	0.018	0.091	0.891	0.000	0.000
99	5	0.000	0.000	0.000	0.000	0.000	0.000	0.000
99	6	0.000	0.000	0.000	0.000	0.000	0.000	0.000
100	0	0.929	0.029	0.029	0.014	0.000	0.000	0.000
100	1	0.020	0.871	0.089	0.020	0.000	0.000	0.000
100	2	0.009	0.044	0.867	0.053	0.027	0.000	0.000
100	3	0.000	0.009	0.028	0.896	0.066	0.000	0.000
100	4	0.000	0.000	0.000	0.074	0.926	0.000	0.000
100	5	0.000	0.000	0.000	0.000	0.000	0.000	0.000
100	6	0.000	0.000	0.000	0.000	0.000	0.000	0.000
101	0	0.926	0.044	0.029	0.000	0.000	0.000	0.000
101	1	0.021	0.875	0.094	0.010	0.000	0.000	0.000
101	2	0.009	0.080	0.795	0.116	0.000	0.000	0.000
101	3	0.000	0.009	0.056	0.852	0.083	0.000	0.000
101	4	0.000	0.000	0.033	0.033	0.933	0.000	0.000
101	5	0.000	0.000	0.000	0.000	0.000	0.000	0.000
101	6	0.000	0.000	0.000	0.000	0.000	0.000	0.000
102	0	0.924	0.015	0.045	0.000	0.015	0.000	0.000
102	1	0.052	0.732	0.165	0.041	0.010	0.000	0.000
102	2	0.019	0.074	0.731	0.139	0.037	0.000	0.000
102	3	0.000	0.000	0.102	0.769	0.130	0.000	0.000
102	4	0.000	0.000	0.031	0.092	0.877	0.000	0.000
102	5	0.000	0.000	0.000	0.000	0.000	0.000	0.000
102	6	0.000	0.000	0.000	0.000	0.000	0.000	0.000
103	0	0.926	0.074	0.000	0.000	0.000	0.000	0.000
103	1	0.000	0.888	0.088	0.025	0.000	0.000	0.000
103	2	0.009	0.045	0.829	0.090	0.027	0.000	0.000
103	3	0.000	0.000	0.065	0.815	0.120	0.000	0.000
103	4	0.013	0.000	0.013	0.039	0.935	0.000	0.000
103	5	0.000	0.000	0.000	0.000	0.000	0.000	0.000
103	6	0.000	0.000	0.000	0.000	0.000	0.000	0.000
104	0	0.892	0.062	0.015	0.015	0.015	0.000	0.000
104	1	0.037	0.852	0.111	0.000	0.000	0.000	0.000
104	2	0.009	0.028	0.869	0.084	0.009	0.000	0.000
104	3	0.010	0.010	0.039	0.874	0.068	0.000	0.000
104	4	0.000	0.011	0.011	0.080	0.898	0.000	0.000
104	5	0.000	0.000	0.000	0.000	0.000	0.000	0.000
104	6	0.000	0.000	0.000	0.000	0.000	0.000	0.000
105	0	0.921	0.048	0.016	0.016	0.000	0.000	0.000
105	1	0.026	0.756	0.192	0.013	0.013	0.000	0.000
105	2	0.000	0.083	0.769	0.120	0.028	0.000	0.000
105	3	0.000	0.009	0.112	0.794	0.084	0.000	0.000
105	4	0.000	0.000	0.023	0.068	0.909	0.000	0.000
105	5	0.000	0.000	0.000	0.000	0.000	0.000	0.000
105	6	0.000	0.000	0.000	0.000	0.000	0.000	0.000
106	0	0.867	0.083	0.000	0.000	0.050	0.000	0.000
106	1	0.042	0.806	0.153	0.000	0.000	0.000	0.000
106	2	0.000	0.018	0.867	0.097	0.018	0.000	0.000
106	3	0.000	0.028	0.085	0.840	0.047	0.000	0.000
106	4	0.000	0.000	0.011	0.075	0.914	0.000	0.000
106	5	0.000	0.000	0.000	0.000	0.000	0.000	0.000
106	6	0.000	0.000	0.000	0.000	0.000	0.000	0.000
107	0	0.945	0.036	0.018	0.000	0.000	0.000	0.000
107	1	0.029	0.794	0.132	0.044	0.000	0.000	0.000
107	2	0.008	0.034	0.849	0.084	0.025	0.000	0.000
107	3	0.000	0.009	0.103	0.822	0.065	0.000	0.000
107	4	0.000	0.011	0.021	0.095	0.874	0.000	0.000
107	5	0.000	0.000	0.000	0.000	0.000	0.000	0.000
107	6	0.000	0.000	0.000	0.000	0.000	0.000	0.000
108	0	0.745	0.091	0.091	0.055	0.018	0.000	0.000
108	1	0.081	0.677	0.177	0.048	0.016	0.000	0.000
108	2	0.008	0.040	0.766	0.137	0.048	0.000	0.000
108	3	0.009	0.018	0.073	0.818	0.082	0.000	0.000
108	4	0.000	0.022	0.032	0.075	0.871	0.000	0.000
108	5	0.000	0.000	0.000	0.000	0.000	0.000	0.000
108	6	0.000	0.000	0.000	0.000	0.000	0.000	0.000
109	0	0.896	0.063	0.021	0.021	0.000	0.000	0.000
109	1	0.036	0.786	0.071	0.071	0.036	0.000	0.000
109	2	0.000	0.025	0.852	0.090	0.033	0.000	0.000
109	3	0.000	0.000	0.025	0.867	0.108	0.000	0.000
109	4	0.000	0.000	0.010	0.092	0.898	0.000	0.000
109	5	0.000	0.000	0.000	0.000	0.000	0.000	0.000
109	6	0.000	0.000	0.000	0.000	0.000	0.000	0.000
110	0	0.978	0.000	0.000	0.022	0.000	0.000	0.000
110	1	0.000	0.900	0.080	0.020	0.000	0.000	0.000
110	2	0.000	0.027	0.814	0.142	0.018	0.000	0.000
110	3	0.000	0.016	0.047	0.853	0.085	0.000	0.000
110	4	0.009	0.000	0.009	0.047	0.935	0.000	0.000
110	5	0.000	0.000	0.000	0.000	0.000	0.000	0.000
110	6	0.000	0.000	0.000	0.000	0.000	0.000	0.000
111	0	0.933	0.067	0.000	0.000	0.000	0.000	0.000
111	1	0.080	0.720	0.160	0.040	0.000	0.000	0.000
111	2	0.000	0.058	0.777	0.126	0.039	0.000	0.000
111	3	0.008	0.030	0.060	0.820	0.083	0.000	0.000
111	4	0.000	0.018	0.000	0.044	0.938	0.000	0.000
111	5	0.000	0.000	0.000	0.000	0.000	0.000	0.000
111	6	0.000	0.000	0.000	0.000	0.000	0.000	0.000
112	0	0.957	0.043	0.000	0.000	0.000	0.000	0.000
112	1	0.020	0.863	0.098	0.020	0.000	0.000	0.000
112	2	0.000	0.031	0.875	0.083	0.010	0.000	0.000
112	3	0.000	0.000	0.047	0.907	0.047	0.000	0.000
112	4	0.008	0.000	0.017	0.066	0.909	0.000	0.000
112	5	0.000	0.000	0.000	0.000	0.000	0.000	0.000
112	6	0.000	0.000	0.000	0.000	0.000	0.000	0.000
113	0	0.979	0.021	0.000	0.000	0.000	0.000	0.000
113	1	0.061	0.714	0.184	0.041	0.000	0.000	0.000
113	2	0.000	0.062	0.876	0.052	0.010	0.000	0.000
113	3	0.000	0.022	0.030	0.851	0.097	0.000	0.000
113	4	0.009	0.009	0.000	0.068	0.915	0.000	0.000
113	5	0.000	0.000	0.000	0.000	0.000	0.000	0.000
113	6	0.000	0.000	0.000	0.000	0.000	0.000	0.000
114	0	0.860	0.140	0.000	0.000	0.000	0.000	0.000
114	1	0.152	0.543	0.174	0.087	0.043	0.000	0.000
114	2	0.020	0.143	0.673	0.122	0.041	0.000	0.000
114	3	0.000	0.000	0.101	0.752	0.147	0.000	0.000
114	4	0.008	0.017	0.008	0.149	0.818	0.000	0.000
114	5	0.000	0.000	0.000	0.000	0.000	0.000	0.000
114	6	0.000	0.000	0.000	0.000	0.000	0.000	0.000
115	0	0.925	0.075	0.000	0.000	0.000	0.000	0.000
115	1	0.063	0.750	0.125	0.021	0.042	0.000	0.000
115	2	0.000	0.034	0.898	0.057	0.011	0.000	0.000
115	3	0.008	0.008	0.031	0.893	0.061	0.000	0.000
115	4	0.000	0.000	0.016	0.040	0.944	0.000	0.000
115	5	0.000	0.000	0.000	0.000	0.000	0.000	0.000
115	6	0.000	0.000	0.000	0.000	0.000	0.000	0.000
116	0	0.962	0.019	0.019	0.000	0.000	0.000	0.000
116	1	0.068	0.750	0.136	0.023	0.023	0.000	0.000
116	2	0.022	0.033	0.835	0.110	0.000	0.000	0.000
116	3	0.008	0.000	0.047	0.891	0.055	0.000	0.000
116	4	0.000	0.000	0.000	0.063	0.938	0.000	0.000
116	5	0.000	0.000	0.000	0.000	0.000	0.000	0.000
116	6	0.000	0.000	0.000	0.000	0.000	0.000	0.000
117	0	0.965	0.018	0.000	0.000	0.018	0.000	0.000
117	1	0.054	0.757	0.162	0.027	0.000	0.000	0.000
117	2	0.022	0.067	0.820	0.079	0.011	0.000	0.000
117	3	0.000	0.015	0.090	0.827	0.068	0.000	0.000
117	4	0.000	0.000	0.016	0.070	0.914	0.000	0.000
117	5	0.000	0.000	0.000	0.000	0.000	0.000	0.000
117	6	0.000	0.000	0.000	0.000	0.000	0.000	0.000
118	0	0.966	0.017	0.017	0.000	0.000	0.000	0.000
118	1	0.027	0.838	0.108	0.027	0.000	0.000	0.000
118	2	0.022	0.011	0.903	0.065	0.000	0.000	0.000
118	3	0.000	0.008	0.079	0.898	0.016	0.000	0.000
118	4	0.000	0.000	0.000	0.070	0.930	0.000	0.000
118	5	0.000	0.000	0.000	0.000	0.000	0.000	0.000
118	6	0.000	0.000	0.000	0.000	0.000	0.000	0.000
119	0	0.933	0.050	0.017	0.000	0.000	0.000	0.000
119	1	0.088	0.735	0.118	0.059	0.000	0.000	0.000
119	2	0.010	0.040	0.818	0.131	0.000	0.000	0.000
119	3	0.000	0.015	0.092	0.838	0.054	0.000	0.000
119	4	0.000	0.000	0.008	0.099	0.893	0.000	0.000
119	5	0.000	0.000	0.000	0.000	0.000	0.000	0.000
119	6	0.000	0.000	0.000	0.000	0.000	0.000	0.000
120	0	0.950	0.050	0.000	0.000	0.000	0.000	0.000
120	1	0.118	0.735	0.088	0.059	0.000	0.000	0.000
120	2	0.030	0.061	0.758	0.131	0.020	0.000	0.000
120	3	0.000	0.015	0.162	0.735	0.088	0.000	0.000
120	4	0.000	0.009	0.026	0.087	0.878	0.000	0.000
120	5	0.000	0.000	0.000	0.000	0.000	0.000	0.000
120	6	0.000	0.000	0.000	0.000	0.000	0.000	0.000
121	0	0.906	0.031	0.000	0.031	0.031	0.000	0.000
121	1	0.054	0.865	0.081	0.000	0.000	0.000	0.000
121	2	0.010	0.039	0.874	0.078	0.000	0.000	0.000
121	3	0.000	0.000	0.032	0.912	0.056	0.000	0.000
121	4	0.000	0.000	0.000	0.061	0.939	0.000	0.000
121	5	0.000	0.000	0.000	0.000	0.000	0.000	0.000
121	6	0.000	0.000	0.000	0.000	0.000	0.000	0.000
122	0	1.000	0.000	0.000	0.000	0.000	0.000	0.000
122	1	0.026	0.789	0.158	0.000	0.026	0.000	0.000
122	2	0.010	0.072	0.804	0.113	0.000	0.000	0.000
122	3	0.000	0.015	0.053	0.908	0.023	0.000	0.000
122	4	0.000	0.000	0.017	0.068	0.915	0.000	0.000
122	5	0.000	0.000	0.000	0.000	0.000	0.000	0.000
122	6	0.000	0.000	0.000	0.000	0.000	0.000	0.000
123	0	0.952	0.032	0.000	0.000	0.016	0.000	0.000
123	1	0.051	0.923	0.026	0.000	0.000	0.000	0.000
123	2	0.000	0.054	0.871	0.065	0.011	0.000	0.000
123	3	0.000	0.014	0.094	0.841	0.051	0.000	0.000
123	4	0.000	0.000	0.009	0.063	0.928	0.000	0.000
123	5	0.000	0.000	0.000	0.000	0.000	0.000	0.000
123	6	0.000	0.000	0.000	0.000	0.000	0.000	0.000
124	0	0.968	0.016	0.016	0.000	0.000	0.000	0.000
124	1	0.044	0.911	0.044	0.000	0.000	0.000	0.000
124	2	0.021	0.031	0.906	0.042	0.000	0.000	0.000
124	3	0.000	0.008	0.031	0.899	0.062	0.000	0.000
124	4	0.000	0.009	0.000	0.036	0.955	0.000	0.000
124	5	0.000	0.000	0.000	0.000	0.000	0.000	0.000
124	6	0.000	0.000	0.000	0.000	0.000	0.000	0.000
125	0	0.922	0.047	0.016	0.000	0.016	0.000	0.000
125	1	0.064	0.787	0.106	0.021	0.021	0.000	0.000
125	2	0.011	0.032	0.872	0.085	0.000	0.000	0.000
125	3	0.000	0.008	0.113	0.815	0.065	0.000	0.000
125	4	0.000	0.000	0.009	0.096	0.896	0.000	0.000
125	5	0.000	0.000	0.000	0.000	0.000	0.000	0.000
125	6	0.000	0.000	0.000	0.000	0.000	0.000	0.000
126	0	0.937	0.032	0.016	0.016	0.000	0.000	0.000
126	1	0.114	0.705	0.159	0.023	0.000	0.000	0.000
126	2	0.010	0.126	0.786	0.068	0.010	0.000	0.000
126	3	0.000	0.008	0.091	0.793	0.107	0.000	0.000
126	4	0.000	0.000	0.027	0.115	0.858	0.000	0.000
126	5	0.000	0.000	0.000	0.000	0.000	0.000	0.000
126	6	0.000	0.000	0.000	0.000	0.000	0.000	0.000
127	0	0.892	0.092	0.015	0.000	0.000	0.000	0.000
127	1	0.021	0.872	0.106	0.000	0.000	0.000	0.000
127	2	0.000	0.058	0.893	0.049	0.000	0.000	0.000
127	3	0.000	0.008	0.076	0.847	0.068	0.000	0.000
127	4	0.000	0.000	0.009	0.081	0.910	0.000	0.000
127	5	0.000	0.000	0.000	0.000	0.000	0.000	0.000
127	6	0.000	0.000	0.000	0.000	0.000	0.000	0.000
128	0	0.966	0.034	0.000	0.000	0.000	0.000	0.000
128	1	0.019	0.833	0.093	0.019	0.037	0.000	0.000
128	2	0.000	0.037	0.907	0.056	0.000	0.000	0.000
128	3	0.000	0.000	0.140	0.825	0.035	0.000	0.000
128	4	0.000	0.000	0.018	0.083	0.899	0.000	0.000
128	5	0.000	0.000	0.000	0.000	0.000	0.000	0.000
128	6	0.000	0.000	0.000	0.000	0.000	0.000	0.000
129	0	0.966	0.034	0.000	0.000	0.000	0.000	0.000
129	1	0.098	0.824	0.078	0.000	0.000	0.000	0.000
129	2	0.008	0.050	0.884	0.050	0.008	0.000	0.000
129	3	0.009	0.009	0.118	0.791	0.073	0.000	0.000
129	4	0.000	0.000	0.019	0.183	0.798	0.000	0.000
129	5	0.000	0.000	0.000	0.000	0.000	0.000	0.000
129	6	0.000	0.000	0.000	0.000	0.000	0.000	0.000
130	0	0.952	0.016	0.016	0.016	0.000	0.000	0.000
130	1	0.000	0.922	0.078	0.000	0.000	0.000	0.000
130	2	0.008	0.063	0.905	0.024	0.000	0.000	0.000
130	3	0.000	0.027	0.089	0.848	0.036	0.000	0.000
130	4	0.000	0.000	0.043	0.065	0.891	0.000	0.000
130	5	0.000	0.000	0.000	0.000	0.000	0.000	0.000
130	6	0.000	0.000	0.000	0.000	0.000	0.000	0.000
131	0	0.918	0.033	0.000	0.033	0.016	0.000	0.000
131	1	0.051	0.881	0.068	0.000	0.000	0.000	0.000
131	2	0.023	0.135	0.782	0.060	0.000	0.000	0.000
131	3	0.000	0.029	0.229	0.724	0.019	0.000	0.000
131	4	0.000	0.023	0.070	0.233	0.674	0.000	0.000
131	5	0.000	0.000	0.000	0.000	0.000	0.000	0.000
131	6	0.000	0.000	0.000	0.000	0.000	0.000	0.000
132	0	0.903	0.081	0.016	0.000	0.000	0.000	0.000
132	1	0.156	0.675	0.143	0.026	0.000	0.000	0.000
132	2	0.058	0.123	0.761	0.051	0.007	0.000	0.000
132	3	0.028	0.066	0.302	0.538	0.066	0.000	0.000
132	4	0.033	0.016	0.148	0.197	0.607	0.000	0.000
132	5	0.000	0.000	0.000	0.000	0.000	0.000	0.000
132	6	0.000	0.000	0.000	0.000	0.000	0.000	0.000
133	0	0.963	0.012	0.025	0.000	0.000	0.000	0.000
133	1	0.049	0.902	0.037	0.000	0.012	0.000	0.000
133	2	0.000	0.070	0.911	0.019	0.000	0.000	0.000
133	3	0.000	0.000	0.064	0.910	0.026	0.000	0.000
133	4	0.000	0.000	0.000	0.089	0.911	0.000	0.000
133	5	0.000	0.000	0.000	0.000	0.000	0.000	0.000
133	6	0.000	0.000	0.000	0.000	0.000	0.000	0.000
134	0	0.976	0.024	0.000	0.000	0.000	0.000	0.000
134	1	0.081	0.895	0.012	0.012	0.000	0.000	0.000
134	2	0.019	0.130	0.812	0.039	0.000	0.000	0.000
134	3	0.000	0.013	0.179	0.744	0.064	0.000	0.000
134	4	0.000	0.000	0.045	0.182	0.773	0.000	0.000
134	5	0.000	0.000	0.000	0.000	0.000	0.000	0.000
134	6	0.000	0.000	0.000	0.000	0.000	0.000	0.000
135	0	0.956	0.011	0.033	0.000	0.000	0.000	0.000
135	1	0.130	0.840	0.020	0.010	0.000	0.000	0.000
135	2	0.014	0.127	0.845	0.014	0.000	0.000	0.000
135	3	0.000	0.041	0.233	0.685	0.041	0.000	0.000
135	4	0.000	0.026	0.026	0.179	0.769	0.000	0.000
135	5	0.000	0.000	0.000	0.000	0.000	0.000	0.000
135	6	0.000	0.000	0.000	0.000	0.000	0.000	0.000
136	0	0.941	0.059	0.000	0.000	0.000	0.000	0.000
136	1	0.168	0.813	0.019	0.000	0.000	0.000	0.000
136	2	0.014	0.091	0.867	0.028	0.000	0.000	0.000
136	3	0.000	0.033	0.133	0.833	0.000	0.000	0.000
136	4	0.000	0.000	0.030	0.121	0.848	0.000	0.000
136	5	0.000	0.000	0.000	0.000	0.000	0.000	0.000
136	6	0.000	0.000	0.000	0.000	0.000	0.000	0.000
137	0	0.948	0.035	0.017	0.000	0.000	0.000	0.000
137	1	0.148	0.815	0.028	0.009	0.000	0.000	0.000
137	2	0.044	0.126	0.822	0.007	0.000	0.000	0.000
137	3	0.000	0.000	0.207	0.776	0.017	0.000	0.000
137	4	0.000	0.000	0.036	0.143	0.821	0.000	0.000
137	5	0.000	0.000	0.000	0.000	0.000	0.000	0.000
137	6	0.000	0.000	0.000	0.000	0.000	0.000	0.000
138	0	0.939	0.038	0.023	0.000	0.000	0.000	0.000
138	1	0.211	0.752	0.028	0.009	0.000	0.000	0.000
138	2	0.039	0.248	0.690	0.023	0.000	0.000	0.000
138	3	0.000	0.118	0.333	0.529	0.020	0.000	0.000
138	4	0.000	0.000	0.208	0.250	0.542	0.000	0.000
138	5	0.000	0.000	0.000	0.000	0.000	0.000	0.000
138	6	0.000	0.000	0.000	0.000	0.000	0.000	0.000
139	0	0.947	0.033	0.020	0.000	0.000	0.000	0.000
139	1	0.168	0.792	0.040	0.000	0.000	0.000	0.000
139	2	0.043	0.154	0.795	0.009	0.000	0.000	0.000
139	3	0.000	0.027	0.297	0.649	0.027	0.000	0.000
139	4	0.000	0.000	0.143	0.071	0.786	0.000	0.000
139	5	0.000	0.000	0.000	0.000	0.000	0.000	0.000
139	6	0.000	0.000	0.000	0.000	0.000	0.000	0.000
140	0	0.964	0.018	0.018	0.000	0.000	0.000	0.000
140	1	0.203	0.764	0.033	0.000	0.000	0.000	0.000
140	2	0.053	0.237	0.693	0.018	0.000	0.000	0.000
140	3	0.000	0.077	0.192	0.692	0.038	0.000	0.000
140	4	0.000	0.000	0.167	0.250	0.583	0.000	0.000
140	5	0.000	0.000	0.000	0.000	0.000	0.000	0.000
140	6	0.000	0.000	0.000	0.000	0.000	0.000	0.000
141	0	0.964	0.031	0.005	0.000	0.000	0.000	0.000
141	1	0.198	0.762	0.040	0.000	0.000	0.000	0.000
141	2	0.043	0.226	0.731	0.000	0.000	0.000	0.000
141	3	0.087	0.130	0.261	0.478	0.043	0.000	0.000
141	4	0.000	0.000	0.000	0.125	0.875	0.000	0.000
141	5	0.000	0.000	0.000	0.000	0.000	0.000	0.000
141	6	0.000	0.000	0.000	0.000	0.000	0.000	0.000
142	0	0.977	0.018	0.005	0.000	0.000	0.000	0.000
142	1	0.198	0.762	0.032	0.008	0.000	0.000	0.000
142	2	0.075	0.150	0.750	0.025	0.000	0.000	0.000
142	3	0.083	0.083	0.167	0.667	0.000	0.000	0.000
142	4	0.000	0.250	0.000	0.000	0.750	0.000	0.000
142	5	0.000	0.000	0.000	0.000	0.000	0.000	0.000
142	6	0.000	0.000	0.000	0.000	0.000	0.000	0.000
143	0	0.971	0.024	0.004	0.000	0.000	0.000	0.000
143	1	0.243	0.739	0.009	0.009	0.000	0.000	0.000
143	2	0.015	0.164	0.821	0.000	0.000	0.000	0.000
143	3	0.091	0.091	0.273	0.545	0.000	0.000	0.000
143	4	0.000	0.000	0.000	0.333	0.667	0.000	0.000
143	5	0.000	0.000	0.000	0.000	0.000	0.000	0.000
143	6	0.000	0.000	0.000	0.000	0.000	0.000	0.000
144	0	0.974	0.022	0.004	0.000	0.000	0.000	0.000
144	1	0.350	0.592	0.039	0.019	0.000	0.000	0.000
144	2	0.033	0.367	0.583	0.017	0.000	0.000	0.000
144	3	0.111	0.333	0.111	0.444	0.000	0.000	0.000
144	4	0.000	0.000	0.000	0.000	1.000	0.000	0.000
144	5	0.000	0.000	0.000	0.000	0.000	0.000	0.000
144	6	0.000	0.000	0.000	0.000	0.000	0.000	0.000
